# params.\delta\mu_p_n3021 params.b params.\delta\mu_p_n4536 params.\delta\mu_p_n3370 params.H0 params.z_pn4258 params.\delta\mu_p_n3982 params.\delta\mu_p_n1309 params.\delta\mu_p_n4639 params.\delta\mu_p_n4038 params.a_nu params.SN_mag_4258 params.Z params.\delta\mu_p_n5584 params.geo_dist
2.786223908224062795e-03 -3.303845262422414877e-04 4.460301231807912883e-04 5.344894889559557733e-04 -3.293765740984493789e-02 1.437101122416411571e-04 6.830520878137913594e-04 5.048733966249365369e-04 5.306816390651715194e-04 3.947200499320159756e-04 -4.315379821646346886e-06 -8.146383301672300518e-04 5.038544595117333286e-04 4.852022723256259242e-04 4.768986397526880677e-04
-3.303845262422414877e-04 1.947440793759719780e-03 -4.121554088764734641e-04 -7.629770745693359186e-04 2.134944589463118672e-02 -2.703902215123675599e-03 -5.918571547590380450e-04 -6.078751857500517500e-04 -4.914604820743096033e-04 -8.694951185039044659e-04 -1.384350455754947748e-06 5.982998924851538674e-04 -5.786388718779837898e-04 -6.018224204846033118e-04 -1.016620651411697377e-04
4.460301231807912883e-04 -4.121554088764734641e-04 9.445006940159263523e-04 4.984749244683036110e-04 -1.883849693750076770e-02 2.700491640783040737e-04 5.049957355455821778e-04 4.830037047972426728e-04 4.468585532941555648e-04 4.477353577530507030e-04 2.922527659649313471e-06 -5.055336163481399109e-04 3.533178548912552447e-04 4.688112189714455438e-04 2.288802816564522208e-04
5.344894889559557733e-04 -7.629770745693359186e-04 4.984749244683036110e-04 1.092019819635198317e-03 -2.329715724896900750e-02 7.320463129024053521e-04 7.347479546609410155e-04 6.270643785838276836e-04 5.789223354897705650e-04 5.982119361146954941e-04 9.564749783435920789e-07 -6.836215091280209172e-04 6.526791895346968327e-04 6.006332745893544489e-04 1.519063982185916353e-05
-3.293765740984493789e-02 2.134944589463118672e-02 -1.883849693750076770e-02 -2.329715724896900750e-02 1.133308343777541616e+01 -1.958213201221370436e-02 -3.061916524264310033e-02 -3.048206421256266854e-02 -1.983409370028707194e-02 -2.047479870818954759e-02 -1.590809107754963706e-05 5.750063961875168106e-02 -2.988304590436761943e-02 -2.298846882764214727e-02 -9.583281954278816128e-01
1.437101122416411571e-04 -2.703902215123675599e-03 2.700491640783040737e-04 7.320463129024053521e-04 -1.958213201221370436e-02 4.080430608526379802e-03 5.115146708761320136e-04 5.086351452640011433e-04 3.494402498953074246e-04 9.069325858998858415e-04 1.575769977850567461e-06 -5.207022684383924484e-04 8.634859134349425836e-04 4.893584963618572824e-04 1.834501002989870387e-04
6.830520878137913594e-04 -5.918571547590380450e-04 5.049957355455821778e-04 7.347479546609410155e-04 -3.061916524264310033e-02 5.115146708761320136e-04 1.746666716804569927e-03 5.956683496856806292e-04 5.355162941306428970e-04 4.732645594999957458e-04 1.375359507734755938e-06 -8.408806590513957183e-04 1.280196205798734329e-03 5.821156341220166345e-04 2.492050035065593110e-04
5.048733966249365369e-04 -6.078751857500517500e-04 4.830037047972426728e-04 6.270643785838276836e-04 -3.048206421256266854e-02 5.086351452640011433e-04 5.956683496856806292e-04 1.650864182433558211e-03 4.566519110035214559e-04 5.694026111052373712e-04 -2.943817535259112736e-06 -7.472059472020287519e-04 3.083430535682427629e-04 5.962536826375561131e-04 4.665980536165028735e-04
5.306816390651715194e-04 -4.914604820743096033e-04 4.468585532941555648e-04 5.789223354897705650e-04 -1.983409370028707194e-02 3.494402498953074246e-04 5.355162941306428970e-04 4.566519110035214559e-04 1.822195156209501692e-03 5.436722593125678732e-04 2.896328878314488565e-06 -6.486063292429984552e-04 1.898619824903631991e-04 5.353055030662625009e-04 -1.774415487778958987e-04
3.947200499320159756e-04 -8.694951185039044659e-04 4.477353577530507030e-04 5.982119361146954941e-04 -2.047479870818954759e-02 9.069325858998858415e-04 4.732645594999957458e-04 5.694026111052373712e-04 5.436722593125678732e-04 2.245240420625811435e-03 3.461148042626665240e-06 -6.686364499888863356e-04 -3.192859239646917476e-04 5.317509648131129706e-04 -1.924314316232684184e-04
-4.315379821646346886e-06 -1.384350455754947748e-06 2.922527659649313471e-06 9.564749783435920789e-07 -1.590809107754963706e-05 1.575769977850567461e-06 1.375359507734755938e-06 -2.943817535259112736e-06 2.896328878314488565e-06 3.461148042626665240e-06 5.059338660105012652e-06 -2.573761790693377443e-05 -3.711325232554224235e-06 1.369659565868958508e-07 1.062880200152675343e-06
-8.146383301672300518e-04 5.982998924851538674e-04 -5.055336163481399109e-04 -6.836215091280209172e-04 5.750063961875168106e-02 -5.207022684383924484e-04 -8.408806590513957183e-04 -7.472059472020287519e-04 -6.486063292429984552e-04 -6.686364499888863356e-04 -2.573761790693377443e-05 1.664512307994232485e-03 -5.289408677018860245e-04 -6.056664324359761721e-04 -5.533569725234588647e-04
5.038544595117334371e-04 -5.786388718779837898e-04 3.533178548912552447e-04 6.526791895346966159e-04 -2.988304590436761943e-02 8.634859134349425836e-04 1.280196205798734112e-03 3.083430535682427087e-04 1.898619824903632805e-04 -3.192859239646916934e-04 -3.711325232554222964e-06 -5.289408677018858076e-04 4.197822477929339692e-03 4.066901855434222309e-04 1.211154881142172558e-03
4.852022723256260326e-04 -6.018224204846032033e-04 4.688112189714454896e-04 6.006332745893544489e-04 -2.298846882764214380e-02 4.893584963618572824e-04 5.821156341220165261e-04 5.962536826375561131e-04 5.353055030662625009e-04 5.317509648131129706e-04 1.369659565868954538e-07 -6.056664324359761721e-04 4.066901855434222309e-04 1.014462966474923358e-03 2.326659877645569790e-04
4.768986397526880677e-04 -1.016620651411696564e-04 2.288802816564520582e-04 1.519063982185917539e-05 -9.583281954278819459e-01 1.834501002989869032e-04 2.492050035065591484e-04 4.665980536165031988e-04 -1.774415487778957360e-04 -1.924314316232684455e-04 1.062880200152670049e-06 -5.533569725234589731e-04 1.211154881142172558e-03 2.326659877645569790e-04 9.634511469891378355e-02
