# params.\delta\mu_p_n3021 params.b params.\delta\mu_p_n4536 params.\delta\mu_p_n3370 params.H0 params.z_pn4258 params.\delta\mu_p_n3982 params.\delta\mu_p_n1309 params.\delta\mu_p_n4639 params.\delta\mu_p_n4038 params.a_nu params.SN_mag_4258 params.Z params.\delta\mu_p_n5584 params.geo_dist params.b2
2.612139977418487160e-03 -1.606999484323503571e-04 3.487854412296208760e-04 3.824368786286097511e-04 -2.111009516606567049e-02 -2.669195065730756660e-05 4.070740722162644889e-04 4.626458947728699731e-04 3.966162358160361034e-04 5.069694684163962919e-04 -2.316797992327077870e-06 -6.446077583621436478e-04 1.330517927191052804e-04 3.340087804738404542e-04 -1.654387096314355202e-04 -1.363598623148490021e-05
-1.606999484323503571e-04 2.239475312694417554e-03 -3.000029326429513171e-04 -5.677999924273021380e-04 -5.029305698236666809e-03 -2.881855392056757725e-03 -3.804972065319598687e-04 -5.777350038728922520e-04 -3.250022454841009455e-04 -7.580682916782561804e-04 6.843764584148007869e-06 3.661744400372221901e-04 -2.523579301258034005e-04 -4.641832796132200670e-04 1.749236305504525040e-03 -1.525408480168310185e-04
3.487854412296208760e-04 -3.000029326429513171e-04 9.039881377824846324e-04 4.392731189318406742e-04 -1.164871292188703576e-02 1.107404490838266988e-04 4.146374708109013679e-04 4.195110088308144050e-04 4.200826945804186333e-04 4.094831927062793017e-04 -1.413953908218438171e-06 -4.420976594472873235e-04 1.934263382143904008e-04 4.131702995279267431e-04 -4.102067819437157600e-04 5.043718159829194435e-06
3.824368786286097511e-04 -5.677999924273021380e-04 4.392731189318406742e-04 9.629951974825679689e-04 -1.678495390562468464e-02 5.016041012557781800e-04 5.074382773391306403e-04 5.021059314234979859e-04 4.140302666514145092e-04 4.816731341885420676e-04 -3.074400115915936796e-06 -5.157570333630453335e-04 4.624467457892119998e-04 4.895492316740264645e-04 -1.760512035464959141e-04 6.317462735236671276e-06
-2.111009516606567049e-02 -5.029305698236666809e-03 -1.164871292188703576e-02 -1.678495390562468464e-02 1.405558971645077548e+01 8.355623283393528652e-03 -1.837113602028209516e-02 -1.512822631438681502e-02 -1.608377265785243884e-02 -3.369651685064871133e-03 6.348301317964235658e-04 4.294678678027689239e-02 -2.485991198521196252e-02 -1.278468477373402926e-02 -1.139958047754142223e+00 2.741153570026440625e-03
-2.669195065730756660e-05 -2.881855392056757725e-03 1.107404490838266988e-04 5.016041012557781800e-04 8.355623283393528652e-03 4.165469249325122816e-03 2.919120358189091109e-04 4.949827498347108548e-04 1.466179790793461981e-04 7.334596247916518996e-04 -5.692509463893713193e-06 -2.545971684339355971e-04 6.399828423031483308e-04 3.486580230300122588e-04 -1.669259277073106623e-03 1.358104288564757924e-04
4.070740722162644889e-04 -3.804972065319598687e-04 4.146374708109013679e-04 5.074382773391306403e-04 -1.837113602028209516e-02 2.919120358189091109e-04 1.563241090295797034e-03 4.025908559584245611e-04 3.832568302958889051e-04 3.160148185738871542e-04 -1.626791718248205491e-06 -6.260626873874632851e-04 9.487027177894509760e-04 4.513650077901635465e-04 -3.385593001098620328e-04 4.437785133555996089e-06
4.626458947728699731e-04 -5.777350038728922520e-04 4.195110088308144592e-04 5.021059314234979859e-04 -1.512822631438681328e-02 4.949827498347108548e-04 4.025908559584245611e-04 1.474803116191300729e-03 4.336017460576341125e-04 5.026769619688198918e-04 -1.927716941107372570e-06 -5.909065495675473777e-04 1.093341955487938668e-04 4.400848475947686600e-04 -5.604265415855971605e-04 1.290588494533807911e-05
3.966162358160361034e-04 -3.250022454841009455e-04 4.200826945804186333e-04 4.140302666514145092e-04 -1.608377265785243884e-02 1.466179790793461981e-04 3.832568302958887967e-04 4.336017460576341125e-04 1.698169493061334840e-03 4.741111238505363139e-04 -2.587689335552394418e-06 -5.733498012290100211e-04 3.026383869335444295e-07 4.408998776482906529e-04 -4.453877560672788219e-04 -3.991540827328575729e-06
5.069694684163962919e-04 -7.580682916782561804e-04 4.094831927062793017e-04 4.816731341885420676e-04 -3.369651685064868965e-03 7.334596247916518996e-04 3.160148185738871542e-04 5.026769619688198918e-04 4.741111238505363139e-04 2.164300849292018734e-03 2.835946101278327057e-06 -5.576550568976875160e-04 -3.696448179979361240e-04 4.725152728076004692e-04 -1.498489061996018112e-03 1.686378767369741969e-05
-2.316797992327077870e-06 6.843764584148007869e-06 -1.413953908218438171e-06 -3.074400115915936796e-06 6.348301317964237826e-04 -5.692509463893713193e-06 -1.626791718248205491e-06 -1.927716941107372570e-06 -2.587689335552394418e-06 2.835946101278327057e-06 5.229232921862284770e-06 -2.591673998808521594e-05 -3.851421232621146547e-07 1.430871802028702902e-06 -5.632425479362290489e-05 -1.639990118960723735e-06
-6.446077583621436478e-04 3.661744400372221901e-04 -4.420976594472873235e-04 -5.157570333630453335e-04 4.294678678027689239e-02 -2.545971684339355971e-04 -6.260626873874632851e-04 -5.909065495675473777e-04 -5.733498012290101295e-04 -5.576550568976875160e-04 -2.591673998808521594e-05 1.514294759579841963e-03 -2.406897922131468208e-04 -4.958331138962872526e-04 5.683413314245259378e-04 1.156691127614369404e-05
1.330517927191052262e-04 -2.523579301258032379e-04 1.934263382143904008e-04 4.624467457892119998e-04 -2.485991198521196946e-02 6.399828423031483308e-04 9.487027177894510844e-04 1.093341955487938668e-04 3.026383869335987455e-07 -3.696448179979361240e-04 -3.851421232621133312e-07 -2.406897922131467395e-04 3.693652515233118716e-03 2.298744858116958864e-04 1.500723630926530886e-03 -2.230099174576997628e-05
3.340087804738405084e-04 -4.641832796132201754e-04 4.131702995279267973e-04 4.895492316740263561e-04 -1.278468477373402405e-02 3.486580230300123672e-04 4.513650077901636007e-04 4.400848475947686600e-04 4.408998776482905444e-04 4.725152728076006318e-04 1.430871802028702478e-06 -4.958331138962872526e-04 2.298744858116958864e-04 8.842540907707033531e-04 -4.113016570125117084e-04 3.900499532476658225e-06
-1.654387096314353304e-04 1.749236305504526775e-03 -4.102067819437156516e-04 -1.760512035464956973e-04 -1.139958047754142223e+00 -1.669259277073107273e-03 -3.385593001098615991e-04 -5.604265415855971605e-04 -4.453877560672784425e-04 -1.498489061996017462e-03 -5.632425479362284390e-05 5.683413314245258294e-04 1.500723630926531537e-03 -4.113016570125117084e-04 1.059695597050987342e-01 -2.382287190987537385e-04
-1.363598623148491376e-05 -1.525408480168310185e-04 5.043718159829194435e-06 6.317462735236663652e-06 2.741153570026440625e-03 1.358104288564758195e-04 4.437785133555990159e-06 1.290588494533807233e-05 -3.991540827328584200e-06 1.686378767369741969e-05 -1.639990118960724159e-06 1.156691127614369066e-05 -2.230099174576997628e-05 3.900499532476656531e-06 -2.382287190987537385e-04 3.953062412700049101e-05
