# mu_n3370 mu_n4038 mu_n3447 mu_n3021 b_l M_ceph E_max mu_n1309 mu_n1365 mu_m101 mu_n4639 mu_n3972 mu_n4424 mu_n2442 mu_n5917 mu_m31 CZ dz mu_n3982 mu_n1448 CP M_sne mu_n1015 b H0 mu_u9391 C0 mu_n4536 mu_n4258 a_B mu_n5584 mu_n7250 mu_lmc gamma
3.171495874371804431e-03 2.186174789156396410e-03 1.602779018201655166e-03 1.100878244037832489e-03 -7.930466875329793568e-05 -1.340771492950941718e-03 2.363137828998207365e-05 1.180230730675453296e-03 1.654242060664903001e-03 1.389610111962822150e-03 1.384899494479652085e-03 9.332906907474325907e-04 9.705078479838746440e-04 1.128183267302144662e-03 1.720421367523307984e-03 1.358134812734326444e-03 -1.008328499800135915e-04 5.388866730097228519e-04 1.321326133208008914e-03 1.633659001616603532e-03 -6.374994026925332933e-05 -1.487929221813217564e-03 1.483418301012374551e-03 -2.612511500204690797e-04 -4.827183858082233908e-02 2.005478727791548590e-03 -2.392275632872073766e-05 1.518081683114999147e-03 9.840770809674292442e-04 7.658942086614608000e-06 1.814398804091389445e-03 1.699742558628198567e-03 9.629976148075252524e-04 6.106836477624873064e-04
2.186174789156396410e-03 1.035108086888402584e-02 1.499361581452994963e-03 5.277844618251610132e-04 -1.154603450652436542e-04 -1.522116799866841171e-03 -7.436002080537953552e-06 8.488475962507392248e-04 1.606991872691002901e-03 2.000231710286030397e-03 2.283804367867803015e-03 1.306384246763868731e-03 7.818206825378074334e-04 1.405008483673052038e-03 2.193075469677747708e-03 1.460800786860106315e-03 -8.844287583760796910e-05 4.298891929232441424e-04 9.451076567798817173e-04 1.640714968360261483e-03 -4.461970895986402854e-05 -2.134294581124922176e-03 1.716540979923862446e-03 -2.548810652457448840e-04 -6.890646994306554030e-02 1.971546871780057233e-03 8.897999541616884042e-06 1.687405014827761526e-03 1.253947608492097252e-03 1.276896877253741261e-05 2.305206469013040393e-03 2.562142726117243915e-03 8.230048582637061001e-04 -1.152416859166990664e-03
1.602779018201655166e-03 1.499361581452994963e-03 1.825980665281245509e-03 1.208972098372657024e-03 -2.389996074715054560e-06 -1.099628417156772947e-03 1.678704228782485015e-06 1.044325131842948912e-03 1.454243190883763252e-03 1.048814607262943833e-03 1.145359645424804838e-03 1.086132452176782632e-03 1.130363013006550161e-03 1.065708189309594323e-03 1.192839352639150094e-03 1.111525865743451030e-03 -3.850389399456065868e-05 4.506868927048954124e-04 1.284911096306043127e-03 1.350342332894644178e-03 -2.131438300408575889e-05 -1.252716907384765488e-03 1.249636325842903590e-03 -2.191687806294134050e-04 -4.023608864410178204e-02 1.528280545778259308e-03 -5.803718558543790065e-07 1.197281203808701596e-03 8.110499390999083985e-04 8.748262656754048013e-06 1.366752847608943043e-03 1.516176985176474193e-03 8.440714091157489312e-04 6.770734582219966290e-04
1.100878244037832489e-03 5.277844618251610132e-04 1.208972098372657024e-03 6.244701023047670614e-03 1.197560913776748732e-04 -9.950383728101928286e-04 -3.876939303187329689e-05 1.293734667983585489e-03 1.363832114891992773e-03 1.108825371081509619e-03 1.293470983092677483e-03 1.570306853540210127e-03 2.077017992170498983e-03 1.446984241322136003e-03 1.070797802886777530e-03 1.047088812999113399e-03 1.781579190480580364e-05 3.416430884769443396e-04 1.345593075225910967e-03 1.231526130061982166e-03 9.121441694465463532e-05 -1.392295013907487566e-03 9.472978038587612877e-04 -3.134854096894183068e-04 -4.493318818649112006e-02 1.489243741480136309e-03 3.141024870597948894e-05 8.934642513533467287e-04 8.609705911139108221e-04 8.210141050235008451e-06 9.272278273944420000e-04 1.043224120528850069e-03 6.385223101073617558e-04 -3.599691004053925188e-04
-7.930466875329793568e-05 -1.154603450652436542e-04 -2.389996074715054560e-06 1.197560913776748732e-04 3.512441370476602890e-04 1.511101008786613084e-04 -9.784301920108071923e-06 4.744693618351872061e-05 -1.012469244397899622e-04 -9.925745317740684382e-05 -7.722909442049942275e-06 6.808560483786834391e-05 1.034993356875951997e-04 -1.328483414304615395e-04 4.822428313591579295e-05 -7.718380888980214095e-05 -1.200248297608246368e-05 -1.700523869560847259e-05 5.676735358020168640e-06 -6.644773640539827211e-05 3.322519794770166117e-05 4.215073112157896991e-05 2.094949864594527350e-05 -1.900752628950934430e-04 1.531628788967259952e-03 -3.656542809888384314e-05 3.177251020076624129e-06 -7.735144272285522800e-05 -9.189799251136518605e-05 7.739474969779696703e-07 -6.394185070923610447e-05 -2.009614052970966678e-05 -2.829181070932677906e-05 -2.501978148324630828e-05
-1.340771492950941718e-03 -1.522116799866841171e-03 -1.099628417156772947e-03 -9.950383728101928286e-04 1.511101008786613084e-04 1.432557789730452575e-03 -2.053750949774159039e-05 -9.832718484679514679e-04 -1.243237309870216844e-03 -1.591891278580757864e-03 -1.132064991350911201e-03 -1.049819448787049202e-03 -1.043539774191253868e-03 -1.150880114654163943e-03 -1.129912157049272085e-03 -1.380945851633430402e-03 8.332519505280204107e-05 -5.446242033723128683e-04 -1.010434331537814288e-03 -1.265986446944992062e-03 2.610399592095552081e-05 1.137054933114178996e-03 -1.027384703316393299e-03 -1.846383325532072650e-04 3.664431429765310083e-02 -1.378699264357307252e-03 2.033213421842534939e-05 -1.134911454299125828e-03 -9.437714466724882092e-04 -7.259659260488633138e-06 -1.283570201562987158e-03 -1.217366937669268727e-03 -6.635743910408587647e-04 7.289719545020321252e-04
2.363137828998207365e-05 -7.436002080537953552e-06 1.678704228782485015e-06 -3.876939303187329689e-05 -9.784301920108071923e-06 -2.053750949774159039e-05 4.382199759985729492e-05 -1.891703264358465204e-05 -1.373345656679522511e-07 2.699355362366365392e-05 1.216948785480663816e-07 -2.492729975777103465e-05 -9.108342698869844589e-06 -5.167775349795074736e-05 1.008631095705405609e-05 1.569234355469318455e-06 -9.503321883666543271e-05 3.922061227335653071e-06 -2.244959339018282033e-06 5.321481718631138568e-05 -3.109373639088163784e-05 1.565788567984608287e-06 -4.604841110674650508e-06 -6.170226090097786784e-06 1.197764147208131108e-04 2.292440936655052455e-05 -3.862107192552371196e-05 1.441547083664591849e-05 -1.030589128076061823e-05 4.213677521885313413e-07 1.352624393537712703e-05 -1.479110860430052476e-05 8.450345071493455906e-06 -1.397752217065518524e-05
1.180230730675453296e-03 8.488475962507392248e-04 1.044325131842948912e-03 1.293734667983585489e-03 4.744693618351872061e-05 -9.832718484679514679e-04 -1.891703264358465204e-05 2.962336237890779433e-03 1.193446957780112299e-03 1.015786643378332891e-03 9.580658599395061288e-04 1.468023508902528999e-03 1.348387481175126372e-03 1.305123342687770352e-03 1.148260953606564713e-03 1.006272510140983822e-03 -1.473624628974512824e-06 3.959153920074687423e-04 1.357408072648364590e-03 1.247456086595555898e-03 5.864867657809943162e-05 -1.256199393834670983e-03 1.016319685257341659e-03 -2.098152233015185752e-04 -3.959958780465568789e-02 1.338936624599663863e-03 1.572614943704731585e-05 1.000879852517635353e-03 8.064571119847526413e-04 1.300104695296822280e-05 1.065151705903143089e-03 1.270112263912305311e-03 6.357436186463113993e-04 1.415314470125627320e-04
1.654242060664903001e-03 1.606991872691002901e-03 1.454243190883763252e-03 1.363832114891992773e-03 -1.012469244397899622e-04 -1.243237309870216844e-03 -1.373345656679522511e-07 1.193446957780112299e-03 3.391179022083404358e-03 1.146930455423660804e-03 1.161945925582271149e-03 7.861387623330281117e-04 1.599431765397519569e-03 1.142350174836632461e-03 1.540854779272127434e-03 1.236158673826736384e-03 -2.863121202396048590e-05 5.938625804087407228e-04 1.442498908393234722e-03 1.608089203083465672e-03 -2.940029723396798839e-05 -1.404594210843050162e-03 1.341682026644836585e-03 -1.545994518300066248e-04 -4.584086168432453812e-02 1.718073994643194930e-03 -4.243786962462016513e-06 1.496634829381795172e-03 9.896301187837491364e-04 5.275180767983114847e-06 1.545757029129276282e-03 1.941736026227485140e-03 8.444825061153586306e-04 8.347159750767038210e-04
1.389610111962822150e-03 2.000231710286030397e-03 1.048814607262943833e-03 1.108825371081509619e-03 -9.925745317740684382e-05 -1.591891278580757864e-03 2.699355362366365392e-05 1.015786643378332891e-03 1.146930455423660804e-03 2.644007901524280009e-03 1.400132263636739505e-03 1.214647333903298579e-03 1.080318505865286759e-03 1.533246138078902306e-03 1.192868036708897564e-03 1.549833221215044573e-03 -8.072819421142831504e-05 5.599601485593278969e-04 8.967685620958898429e-04 1.330748716631057534e-03 -3.317988237166844987e-05 -1.267761032457413338e-03 1.090337564958390217e-03 1.222440635304224055e-05 -4.046591564863693397e-02 1.449231498297117587e-03 -2.058536500066821283e-05 1.176436866905342972e-03 1.038738320199624615e-03 1.057913975250998441e-05 1.399775608430990723e-03 1.185473083733620554e-03 4.596963224693249492e-04 -2.216129180738068017e-03
1.384899494479652085e-03 2.283804367867803015e-03 1.145359645424804838e-03 1.293470983092677483e-03 -7.722909442049942275e-06 -1.132064991350911201e-03 1.216948785480663816e-07 9.580658599395061288e-04 1.161945925582271149e-03 1.400132263636739505e-03 4.269991635673381879e-03 9.990216306091249249e-04 1.213754378365342144e-03 7.615615714968502863e-04 1.562817985036224879e-03 1.132503217233003052e-03 -8.849425991895217556e-05 4.043523501101050450e-04 1.066157918915304828e-03 1.147593356657391475e-03 -2.447876891537405499e-05 -1.339918512633458958e-03 1.067347213672311789e-03 -2.374685120351338944e-04 -4.301467634117844135e-02 1.250207295179243602e-03 -9.934268509445489271e-06 1.192971012120693907e-03 7.858949486137814739e-04 9.760118931978482412e-06 1.473830499945452200e-03 1.349098270693264209e-03 6.243415006000612322e-04 -5.237062753249437010e-04
9.332906907474325907e-04 1.306384246763868731e-03 1.086132452176782632e-03 1.570306853540210127e-03 6.808560483786834391e-05 -1.049819448787049202e-03 -2.492729975777103465e-05 1.468023508902528999e-03 7.861387623330281117e-04 1.214647333903298579e-03 9.990216306091249249e-04 5.595851212979167932e-03 1.398534418346263986e-03 1.816140094948902632e-03 1.373339972108046083e-03 1.106441567484319410e-03 -1.063298353892071792e-05 3.747565632685630459e-04 1.374266083230053347e-03 1.224824566478267948e-03 6.692953224659838008e-05 -1.148448055825404459e-03 1.287370143730478828e-03 -1.314069987551215294e-04 -3.686340518547703143e-02 1.129118195195795860e-03 2.085216364680959035e-05 7.903086462745757216e-04 6.610306469122666532e-04 7.760233991983604303e-06 7.037676438010463274e-04 8.524251544653607205e-04 5.550038593127534260e-04 -5.861587590164648405e-04
9.705078479838746440e-04 7.818206825378074334e-04 1.130363013006550161e-03 2.077017992170498983e-03 1.034993356875951997e-04 -1.043539774191253868e-03 -9.108342698869844589e-06 1.348387481175126372e-03 1.599431765397519569e-03 1.080318505865286759e-03 1.213754378365342144e-03 1.398534418346263986e-03 1.183149490690513228e-02 1.288901976633720142e-03 1.183574617298011923e-03 1.126141602927599114e-03 -6.416201003813132330e-05 4.269253567881749417e-04 1.538964925236344441e-03 9.332129081100905927e-04 6.227098752176227854e-05 -1.816341599754314751e-03 1.421693074300469338e-03 -1.077298577676383831e-04 -5.866836291050475660e-02 1.321805003918831520e-03 -1.513526857911615088e-06 8.281716895916038136e-04 6.955625736738966277e-04 1.046591909614814760e-05 1.109041495106149067e-03 1.462510328863832199e-03 7.069813113787441587e-04 1.954566992682155364e-04
1.128183267302144662e-03 1.405008483673052038e-03 1.065708189309594323e-03 1.446984241322136003e-03 -1.328483414304615395e-04 -1.150880114654163943e-03 -5.167775349795074736e-05 1.305123342687770352e-03 1.142350174836632461e-03 1.533246138078902306e-03 7.615615714968502863e-04 1.816140094948902632e-03 1.288901976633720142e-03 8.912160580914530589e-03 1.422408125509751252e-03 1.211655792121636363e-03 1.212907666842824117e-04 3.140706659868895581e-04 8.914480584137284783e-04 1.059055490611502965e-03 1.194367021161746344e-04 -1.241336388820209321e-03 5.819358552509244472e-04 -2.315850084859158472e-05 -4.065642542859244923e-02 1.208389989797333105e-03 5.511390545335562966e-05 9.604211408003650047e-04 6.990065687466917328e-04 4.159565119629366813e-06 8.515191861362753556e-04 1.412521433356804350e-03 5.983656615539771888e-04 -8.186085990200226781e-04
1.720421367523307984e-03 2.193075469677747708e-03 1.192839352639150094e-03 1.070797802886777530e-03 4.822428313591579295e-05 -1.129912157049272085e-03 1.008631095705405609e-05 1.148260953606564713e-03 1.540854779272127434e-03 1.192868036708897564e-03 1.562817985036224879e-03 1.373339972108046083e-03 1.183574617298011923e-03 1.422408125509751252e-03 7.852438817600266782e-03 1.108994076181271876e-03 3.247955971237005115e-05 5.610039793550353508e-04 8.160990326800970527e-04 1.457435650755031873e-03 -5.612012835195069534e-05 -1.808376258585240454e-03 9.421678916520146406e-04 -3.067513217663346775e-04 -5.922090201247640073e-02 1.603745578656913572e-03 -4.539434490114308439e-06 1.442612389280429957e-03 8.093725359156232280e-04 5.462071627345698146e-06 1.584311451864176641e-03 1.824555980862548141e-03 7.462681281605057721e-04 4.626871451078169674e-04
1.358134812734326444e-03 1.460800786860106315e-03 1.111525865743451030e-03 1.047088812999113399e-03 -7.718380888980214095e-05 -1.380945851633430402e-03 1.569234355469318455e-06 1.006272510140983822e-03 1.236158673826736384e-03 1.549833221215044573e-03 1.132503217233003052e-03 1.106441567484319410e-03 1.126141602927599114e-03 1.211655792121636363e-03 1.108994076181271876e-03 1.490076940148821107e-03 -3.199698062532639392e-05 5.294441688056191224e-04 1.053497283850969015e-03 1.261031774125425569e-03 -1.156310045820380889e-05 -1.160891241736969033e-03 1.075485209993764504e-03 1.232008502826627055e-04 -3.770208344120595800e-02 1.355843015435332071e-03 -1.763133942185855538e-06 1.132092366047019859e-03 9.616565540832395457e-04 5.722243879959749807e-06 1.272795333018664470e-03 1.251979682477977630e-03 6.689178814229299703e-04 -6.593628369948837005e-04
-1.008328499800135915e-04 -8.844287583760796910e-05 -3.850389399456067224e-05 1.781579190480580364e-05 -1.200248297608246368e-05 8.332519505280204107e-05 -9.503321883666543271e-05 -1.473624628974512824e-06 -2.863121202396050284e-05 -8.072819421142831504e-05 -8.849425991895217556e-05 -1.063298353892071792e-05 -6.416201003813132330e-05 1.212907666842824117e-04 3.247955971237005115e-05 -3.199698062532639392e-05 3.930628988201329173e-04 -8.812914841239038506e-06 -5.381271623162885495e-05 -1.772960261712663171e-04 5.616705308898971283e-05 4.663343850211521246e-05 -1.140455668693579285e-04 4.435514370917403474e-05 1.231901188936594975e-03 -1.296616838531442417e-04 1.107057044453314994e-04 -7.783680168114547743e-05 3.668798574992742564e-06 -1.817059672641096971e-06 -9.941003946833598735e-05 -6.973870399055542802e-05 -6.023370815933248190e-05 9.225990519251321567e-05
5.388866730097228519e-04 4.298891929232440340e-04 4.506868927048954124e-04 3.416430884769443396e-04 -1.700523869560847259e-05 -5.446242033723128683e-04 3.922061227335653918e-06 3.959153920074687423e-04 5.938625804087407228e-04 5.599601485593280054e-04 4.043523501101050450e-04 3.747565632685630459e-04 4.269253567881749960e-04 3.140706659868895581e-04 5.610039793550353508e-04 5.294441688056191224e-04 -8.812914841239036812e-06 6.932545774129771597e-04 4.853183317436195448e-04 5.165344541606972477e-04 -4.553085216667752732e-06 -4.370486653507815711e-04 3.999162642826167846e-04 6.709264127933636931e-05 -1.419144311906884656e-02 5.029291404059704285e-04 2.724221097621776771e-08 5.017373985020491057e-04 3.496316136648367607e-04 2.171822669866999283e-06 5.232128833791741766e-04 6.133734119618955427e-04 -1.177807263039112878e-04 1.340559976857150790e-04
1.321326133208008914e-03 9.451076567798817173e-04 1.284911096306043127e-03 1.345593075225910967e-03 5.676735358020168640e-06 -1.010434331537814288e-03 -2.244959339018282033e-06 1.357408072648364590e-03 1.442498908393234722e-03 8.967685620958898429e-04 1.066157918915304828e-03 1.374266083230053347e-03 1.538964925236344441e-03 8.914480584137284783e-04 8.160990326800970527e-04 1.053497283850969015e-03 -5.381271623162885495e-05 4.853183317436195448e-04 4.155676870189822618e-03 1.408520282440045438e-03 2.177397425112648924e-05 -1.397689461373095464e-03 1.247497123751087258e-03 -1.967607914175435670e-04 -4.417389745900435899e-02 1.504966998119920641e-03 -7.364582626262129642e-06 1.292992355379489694e-03 7.042519519383437206e-04 1.371729576192600534e-05 1.046550335442537720e-03 1.490652660017541351e-03 7.669687260173963005e-04 9.365244800697108659e-04
1.633659001616603532e-03 1.640714968360261483e-03 1.350342332894644178e-03 1.231526130061982166e-03 -6.644773640539827211e-05 -1.265986446944992062e-03 5.321481718631138568e-05 1.247456086595555898e-03 1.608089203083465672e-03 1.330748716631057534e-03 1.147593356657391475e-03 1.224824566478267948e-03 9.332129081100905927e-04 1.059055490611502965e-03 1.457435650755031873e-03 1.261031774125425569e-03 -1.772960261712663171e-04 5.165344541606972477e-04 1.408520282440045438e-03 2.459520994834708731e-03 -6.478996205730176271e-05 -1.361167770776725581e-03 1.419687581846935638e-03 -2.154953777768395782e-04 -4.374777197747985180e-02 1.685348007566360874e-03 -5.655595008995981365e-05 1.291976783304905549e-03 9.431507236609552912e-04 9.479806019414530494e-06 1.509751464314576085e-03 1.491916791012600288e-03 8.564709271596580940e-04 4.059249864256369721e-04
-6.374994026925332933e-05 -4.461970895986402854e-05 -2.131438300408575889e-05 9.121441694465463532e-05 3.322519794770166117e-05 2.610399592095552081e-05 -3.109373639088163784e-05 5.864867657809943162e-05 -2.940029723396798839e-05 -3.317988237166844987e-05 -2.447876891537405499e-05 6.692953224659838008e-05 6.227098752176227854e-05 1.194367021161746344e-04 -5.612012835195069534e-05 -1.156310045820380889e-05 5.616705308898971283e-05 -4.553085216667752732e-06 2.177397425112648924e-05 -6.478996205730176271e-05 5.793228834247098036e-05 9.962573982806787002e-06 -1.046723286496525939e-05 1.356123433763383413e-05 3.407609227760388052e-04 -4.541980444513555237e-05 2.676752119737065873e-05 -2.855533874082931506e-05 1.021032860575362406e-06 -2.731242883720848417e-08 -5.815216605816467065e-05 9.291713943908313857e-06 -1.902378725180385745e-05 -1.604833027450891991e-05
-1.487929221813217564e-03 -2.134294581124922176e-03 -1.252716907384765488e-03 -1.392295013907487566e-03 4.215073112157896991e-05 1.137054933114178996e-03 1.565788567984608287e-06 -1.256199393834670983e-03 -1.404594210843050162e-03 -1.267761032457413338e-03 -1.339918512633458958e-03 -1.148448055825404459e-03 -1.816341599754314751e-03 -1.241336388820209321e-03 -1.808376258585240454e-03 -1.160891241736969033e-03 4.663343850211521246e-05 -4.370486653507815711e-04 -1.397689461373095464e-03 -1.361167770776725581e-03 9.962573982806787002e-06 2.079051015167816818e-03 -1.450644573308936197e-03 1.952587090369052993e-04 6.785785209216292635e-02 -1.617156830462500652e-03 1.783061244628597489e-06 -1.264564674661138727e-03 -8.349809780492309375e-04 -8.033869476363722815e-06 -1.480387366728049946e-03 -1.596749708845632970e-03 -7.445284557609961607e-04 -1.089905528536969570e-04
1.483418301012374551e-03 1.716540979923862446e-03 1.249636325842903590e-03 9.472978038587612877e-04 2.094949864594527350e-05 -1.027384703316393299e-03 -4.604841110674650508e-06 1.016319685257341659e-03 1.341682026644836585e-03 1.090337564958390217e-03 1.067347213672311789e-03 1.287370143730478828e-03 1.421693074300469338e-03 5.819358552509244472e-04 9.421678916520146406e-04 1.075485209993764504e-03 -1.140455668693579285e-04 3.999162642826167846e-04 1.247497123751087258e-03 1.419687581846935638e-03 -1.046723286496525939e-05 -1.450644573308936197e-03 5.610263638890519364e-03 -3.210063936979690104e-04 -4.632715186218546582e-02 1.512215462579800549e-03 -7.086713142698021935e-06 1.228100876764605344e-03 7.673168369344824215e-04 1.182837863451263144e-05 1.423854562266758548e-03 1.689708201553122985e-03 7.549182288929663599e-04 3.830171970705026937e-04
-2.612511500204690797e-04 -2.548810652457448840e-04 -2.191687806294134050e-04 -3.134854096894183068e-04 -1.900752628950934430e-04 -1.846383325532072650e-04 -6.170226090097786784e-06 -2.098152233015185752e-04 -1.545994518300066248e-04 1.222440635304224055e-05 -2.374685120351338944e-04 -1.314069987551215294e-04 -1.077298577676383831e-04 -2.315850084859158472e-05 -3.067513217663346775e-04 1.232008502826627055e-04 4.435514370917403474e-05 6.709264127933636931e-05 -1.967607914175435670e-04 -2.154953777768395782e-04 1.356123433763383413e-05 1.952587090369052993e-04 -3.210063936979690104e-04 6.555092335627259919e-04 6.073563957085328230e-03 -3.324722018400336166e-04 1.026960706523552133e-05 -2.018620769731006902e-04 1.625233493761700867e-05 -2.578588412410144861e-06 -2.843612405257618615e-04 -2.668598578935583716e-04 -8.360501078661859402e-06 -1.324236421466230688e-04
-4.827183858082233214e-02 -6.890646994306552642e-02 -4.023608864410178204e-02 -4.493318818649112700e-02 1.531628788967260820e-03 3.664431429765310083e-02 1.197764147208128397e-04 -3.959958780465568096e-02 -4.584086168432453812e-02 -4.046591564863692703e-02 -4.301467634117843442e-02 -3.686340518547703837e-02 -5.866836291050476354e-02 -4.065642542859242842e-02 -5.922090201247640767e-02 -3.770208344120595800e-02 1.231901188936594107e-03 -1.419144311906884309e-02 -4.417389745900435899e-02 -4.374777197747984486e-02 3.407609227760391847e-04 6.785785209216294023e-02 -4.632715186218547276e-02 6.073563957085328230e-03 2.290321856026242830e+00 -5.244736375144745666e-02 8.882701718467748511e-07 -4.041408498166338542e-02 -2.709388474926822596e-02 1.894390836923996496e-04 -4.769068867129971911e-02 -5.299615017162406100e-02 -2.409814735039416192e-02 -4.561763370292687934e-03
2.005478727791548156e-03 1.971546871780057233e-03 1.528280545778258875e-03 1.489243741480135658e-03 -3.656542809888387025e-05 -1.378699264357307252e-03 2.292440936655052117e-05 1.338936624599663863e-03 1.718073994643194713e-03 1.449231498297118021e-03 1.250207295179243385e-03 1.129118195195796294e-03 1.321805003918831304e-03 1.208389989797333105e-03 1.603745578656914006e-03 1.355843015435332071e-03 -1.296616838531442146e-04 5.029291404059705369e-04 1.504966998119920425e-03 1.685348007566361307e-03 -4.541980444513554559e-05 -1.617156830462501086e-03 1.512215462579800116e-03 -3.324722018400334540e-04 -5.244736375144745666e-02 4.519582193056991687e-03 -3.820580420584487988e-05 1.696691467985005303e-03 1.123225735172376149e-03 8.117099488017606864e-06 1.801132635296670949e-03 1.561227282424589025e-03 9.727009720434643368e-04 3.235965895626585092e-04
-2.392275632872075121e-05 8.897999541616880654e-06 -5.803718558543745596e-07 3.141024870597948894e-05 3.177251020076626246e-06 2.033213421842534600e-05 -3.862107192552371196e-05 1.572614943704731246e-05 -4.243786962462033454e-06 -2.058536500066822299e-05 -9.934268509445497741e-06 2.085216364680959712e-05 -1.513526857911629276e-06 5.511390545335560255e-05 -4.539434490114302510e-06 -1.763133942185852150e-06 1.107057044453314723e-04 2.724221097621983566e-08 -7.364582626262129642e-06 -5.655595008995983398e-05 2.676752119737064856e-05 1.783061244628580337e-06 -7.086713142698007536e-06 1.026960706523551794e-05 8.882701718467748511e-07 -3.820580420584487988e-05 4.146790312650131259e-05 -1.556833397261555798e-05 7.258058833612007641e-06 -3.442934135905064919e-07 -1.092499363374326516e-05 5.707806110221628863e-06 -1.450563564591889194e-05 1.522892209031337623e-05
1.518081683114999147e-03 1.687405014827761309e-03 1.197281203808701596e-03 8.934642513533467287e-04 -7.735144272285524156e-05 -1.134911454299125828e-03 1.441547083664590833e-05 1.000879852517635353e-03 1.496634829381795172e-03 1.176436866905342972e-03 1.192971012120693690e-03 7.903086462745755048e-04 8.281716895916041389e-04 9.604211408003645711e-04 1.442612389280429740e-03 1.132092366047020076e-03 -7.783680168114546387e-05 5.017373985020492141e-04 1.292992355379489477e-03 1.291976783304905549e-03 -2.855533874082932184e-05 -1.264564674661138727e-03 1.228100876764605560e-03 -2.018620769731005818e-04 -4.041408498166338542e-02 1.696691467985005303e-03 -1.556833397261555798e-05 2.754956503109125786e-03 8.487025183885185328e-04 9.965739107353531882e-06 1.359241800191391411e-03 1.333679385813545332e-03 7.481384554965047435e-04 4.039069706408186886e-04
9.840770809674292442e-04 1.253947608492096818e-03 8.110499390999083985e-04 8.609705911139108221e-04 -9.189799251136517250e-05 -9.437714466724881008e-04 -1.030589128076061484e-05 8.064571119847525329e-04 9.896301187837493532e-04 1.038738320199624615e-03 7.858949486137813654e-04 6.610306469122667616e-04 6.955625736738965193e-04 6.990065687466917328e-04 8.093725359156230112e-04 9.616565540832391120e-04 3.668798574992772211e-06 3.496316136648367607e-04 7.042519519383441543e-04 9.431507236609553996e-04 1.021032860575365159e-06 -8.349809780492308290e-04 7.673168369344828552e-04 1.625233493761699173e-05 -2.709388474926822596e-02 1.123225735172376149e-03 7.258058833612007641e-06 8.487025183885185328e-04 1.404967071961076008e-03 4.227724542891854192e-06 9.875427906674845002e-04 8.348688180750417397e-04 4.744651429711072075e-04 -3.691318107948127181e-04
7.658942086614608000e-06 1.276896877253741431e-05 8.748262656754044624e-06 8.210141050235008451e-06 7.739474969779682939e-07 -7.259659260488633138e-06 4.213677521885315001e-07 1.300104695296822618e-05 5.275180767983113153e-06 1.057913975250998272e-05 9.760118931978485800e-06 7.760233991983600914e-06 1.046591909614814083e-05 4.159565119629367660e-06 5.462071627345698993e-06 5.722243879959748960e-06 -1.817059672641097607e-06 2.171822669866999706e-06 1.371729576192601043e-05 9.479806019414533882e-06 -2.731242883720829889e-08 -8.033869476363721121e-06 1.182837863451263144e-05 -2.578588412410145285e-06 1.894390836923996496e-04 8.117099488017606864e-06 -3.442934135905064919e-07 9.965739107353531882e-06 4.227724542891854192e-06 2.751385047530029280e-06 9.838891305279266817e-06 8.543077665277923976e-07 4.077956216387916692e-06 -5.810108582357135848e-06
1.814398804091389445e-03 2.305206469013041260e-03 1.366752847608943260e-03 9.272278273944420000e-04 -6.394185070923611802e-05 -1.283570201562987591e-03 1.352624393537712194e-05 1.065151705903143523e-03 1.545757029129276282e-03 1.399775608430990506e-03 1.473830499945451983e-03 7.037676438010464358e-04 1.109041495106149067e-03 8.515191861362754640e-04 1.584311451864176641e-03 1.272795333018664687e-03 -9.941003946833605511e-05 5.232128833791740681e-04 1.046550335442537503e-03 1.509751464314576085e-03 -5.815216605816467743e-05 -1.480387366728050163e-03 1.423854562266758548e-03 -2.843612405257618615e-04 -4.769068867129971911e-02 1.801132635296670949e-03 -1.092499363374326516e-05 1.359241800191391411e-03 9.875427906674845002e-04 9.838891305279266817e-06 2.862650803189588627e-03 1.789273202648006310e-03 8.228428845998820131e-04 1.097151184850561737e-04
1.699742558628197699e-03 2.562142726117244782e-03 1.516176985176474409e-03 1.043224120528850069e-03 -2.009614052970964306e-05 -1.217366937669268510e-03 -1.479110860430053323e-05 1.270112263912305528e-03 1.941736026227485357e-03 1.185473083733620770e-03 1.349098270693264209e-03 8.524251544653612626e-04 1.462510328863832199e-03 1.412521433356805217e-03 1.824555980862547925e-03 1.251979682477977630e-03 -6.973870399055534671e-05 6.133734119618956511e-04 1.490652660017541351e-03 1.491916791012600505e-03 9.291713943908317246e-06 -1.596749708845633404e-03 1.689708201553122768e-03 -2.668598578935583716e-04 -5.299615017162406100e-02 1.561227282424589025e-03 5.707806110221628863e-06 1.333679385813545332e-03 8.348688180750417397e-04 8.543077665277923976e-07 1.789273202648006310e-03 6.450502850934194954e-03 8.938477618521519169e-04 9.892859933635059395e-04
9.629976148075251440e-04 8.230048582637061001e-04 8.440714091157488228e-04 6.385223101073616474e-04 -2.829181070932677229e-05 -6.635743910408587647e-04 8.450345071493455906e-06 6.357436186463115077e-04 8.444825061153586306e-04 4.596963224693250034e-04 6.243415006000612322e-04 5.550038593127535344e-04 7.069813113787440503e-04 5.983656615539770804e-04 7.462681281605055552e-04 6.689178814229300787e-04 -6.023370815933246834e-05 -1.177807263039113285e-04 7.669687260173963005e-04 8.564709271596585276e-04 -1.902378725180385745e-05 -7.445284557609960522e-04 7.549182288929663599e-04 -8.360501078661856014e-06 -2.409814735039416192e-02 9.727009720434643368e-04 -1.450563564591888855e-05 7.481384554965047435e-04 4.744651429711070991e-04 4.077956216387915845e-06 8.228428845998820131e-04 8.938477618521519169e-04 1.001401177177446179e-03 8.461299515927907201e-04
6.106836477624871980e-04 -1.152416859166990014e-03 6.770734582219968458e-04 -3.599691004053924646e-04 -2.501978148324630828e-05 7.289719545020322336e-04 -1.397752217065518016e-05 1.415314470125627320e-04 8.347159750767038210e-04 -2.216129180738068017e-03 -5.237062753249437010e-04 -5.861587590164646236e-04 1.954566992682155093e-04 -8.186085990200226781e-04 4.626871451078169674e-04 -6.593628369948837005e-04 9.225990519251321567e-05 1.340559976857150248e-04 9.365244800697103238e-04 4.059249864256368094e-04 -1.604833027450890974e-05 -1.089905528536971196e-04 3.830171970705027479e-04 -1.324236421466230688e-04 -4.561763370292686200e-03 3.235965895626584008e-04 1.522892209031337623e-05 4.039069706408187970e-04 -3.691318107948128265e-04 -5.810108582357137542e-06 1.097151184850561737e-04 9.892859933635059395e-04 8.461299515927907201e-04 6.875826076849589873e-03
