# dz mu_n3370 mu_n4038 mu_n3447 mu_n3021 b_l M_ceph mu_n1309 mu_n1365 mu_m101 mu_n4639 mu_n3972 mu_n4424 mu_n2442 mu_n5917 mu_m31 CP_h CZ CP_l mu_n3982 mu_n1448 M_sne mu_n1015 b H0 mu_u9391 C0 mu_n4536 mu_n4258 a_B mu_n5584 mu_n7250 mu_lmc gamma
8.112675979763685728e-04 5.864306785671760626e-04 4.747469731842808940e-04 5.488707215237241446e-04 5.597369685953728757e-04 3.808835029973508313e+00 -3.809403369965961961e+00 6.214588226317203099e-04 5.255332241470922830e-04 5.768345235400831666e-04 6.771127614160572707e-04 5.480435452176632373e-04 5.198922214827714564e-04 5.625431992165574055e-04 6.243016020301182063e-04 5.963404487074907591e-04 9.766195661080855572e+00 1.420861263596068782e-05 9.766197541966862516e+00 5.807556462525804942e-04 5.884491900588291382e-04 -5.910544877810893199e-04 5.400676736354686732e-04 3.808809321975155093e+00 -2.016854247456181803e-02 5.391267583046908647e-04 -9.766194305771890072e+00 5.633403646411860172e-04 4.533490737904078923e-04 -1.577737167398358310e-06 5.938038909060992798e-04 6.082124392509588584e-04 -2.056800157311280389e-04 5.197177102576959170e-05
5.864306785671760626e-04 2.605707400021186389e-03 1.388654202202131791e-03 1.417741976973308600e-03 1.435226151436981394e-03 -1.835088740815511432e+00 1.833833797380057584e+00 1.525923296295511340e-03 1.441254007778597964e-03 1.337192694581327635e-03 1.493826181970687832e-03 1.534021056502802433e-03 1.640236356618778122e-03 1.489004411742219681e-03 1.502507064141253004e-03 1.342244167924574886e-03 -4.705480250631212336e+00 6.268444606030326206e-05 -4.705502482494290817e+00 1.434628169461414377e-03 1.465719508836042838e-03 -1.567423440940772040e-03 1.516195417122924004e-03 -1.835363083867435741e+00 -5.237908829793679749e-02 1.415752774806844491e-03 4.705516663449536452e+00 1.325743518798528763e-03 1.053142337555192532e-03 2.003521423413955864e-06 1.618109940091216198e-03 1.637656638425515499e-03 7.746996983158665074e-04 1.803732360185897928e-04
4.747469731842808940e-04 1.388654202202131791e-03 7.517679741355712264e-03 1.324359081244819679e-03 2.194774975475924025e-03 5.616419279616296834e+00 -5.617515212261512403e+00 1.714017031718970737e-03 1.418541946530287035e-03 1.479350727313992822e-03 1.742801516911719577e-03 1.622183599120942876e-03 2.058172628028592278e-03 1.423322221122585605e-03 1.243855214940198326e-03 1.327234057798754334e-03 1.440072208684269661e+01 3.415735421199213458e-04 1.440073374443298704e+01 1.357267100913926629e-03 1.442365876475782066e-03 -1.788412766251566612e-03 1.553998212639545523e-03 5.615882419776319523e+00 -5.980049818768207182e-02 1.447311589090344167e-03 -1.440064061300038922e+01 1.574048209616112646e-03 1.097628387305960972e-03 2.037946543484897524e-06 1.653357630714839344e-03 1.570635878809674034e-03 6.669642510539669283e-04 -5.836565291284676006e-04
5.488707215237241446e-04 1.417741976973308600e-03 1.324359081244819679e-03 2.054747521595499428e-03 1.501440657955295434e-03 1.981033200040831277e+00 -1.982310820703127252e+00 1.577523527607699446e-03 1.378299310820949204e-03 1.293500060460091522e-03 1.451196281747313714e-03 1.315709449080755848e-03 1.467796841970630531e-03 1.395969212719303486e-03 1.407207772948803649e-03 1.345325497420323977e-03 5.079479021985108034e+00 4.033997634710262723e-05 5.079476332123427085e+00 1.451793548407311583e-03 1.441840690680485900e-03 -1.502512113807449043e-03 1.341958757250817473e-03 1.980828745803814739e+00 -5.075404583327518954e-02 1.412924298332777833e-03 -5.079466487806377550e+00 1.307651563631800472e-03 1.080553363187401533e-03 -1.470842620917224432e-06 1.515598407211835811e-03 1.439395393342180656e-03 8.596336824824988470e-04 3.444054587193337244e-04
5.597369685953728757e-04 1.435226151436981394e-03 2.194774975475924025e-03 1.501440657955295434e-03 6.761762854858835783e-03 4.950624976034719849e-01 -4.964185277758321191e-01 1.646010073725667116e-03 1.402023247616519808e-03 1.555261790024535648e-03 1.495207634746288650e-03 1.638896364562645192e-03 1.821529003686649627e-03 1.307345307145195683e-03 1.507366100268492728e-03 1.374700213622742076e-03 1.269446700593041433e+00 2.096301140895149727e-04 1.269424038004697719e+00 1.420636183463490571e-03 1.399419971919759571e-03 -1.913892669450436212e-03 1.670967973534907402e-03 4.948641489216484834e-01 -6.298151362976703305e-02 1.422383773336526264e-03 -1.269385923056578047e+00 1.342614401965924742e-03 1.118423101677929648e-03 8.420490976670604009e-06 1.590601802380738972e-03 1.585465395164947734e-03 7.240739989327422878e-04 -2.175504327307118074e-04
3.808835029973508313e+00 -1.835088740815511432e+00 5.616419279616296834e+00 1.981033200040831721e+00 4.950624976034719849e-01 7.498095024156431668e+06 -7.498087420446638949e+06 3.728044017773270546e+00 1.044034669447925223e+00 -3.747684141344690412e-01 1.319939751036802944e+00 7.187032620966387952e+00 1.168589340394147769e+01 2.510385890187297075e+00 2.023034149521088665e+01 -9.091466334025325446e-01 1.922587164619977772e+07 7.125616837771916456e-01 1.922587091602880135e+07 1.781953625658974261e+01 6.302986632917837895e+00 -2.224687666698327959e+00 -4.367051987864701168e+00 7.498084754782576114e+06 -1.079250187904844580e+02 3.318939244844967718e+00 -1.922587092452486977e+07 1.557190873022353816e+00 -4.972524736811796409e+00 -2.201082576781635269e-01 -6.942067105612413691e+00 2.407758396423926417e+00 -4.597454592745037871e+00 -3.254005821052796121e-01
-3.809403369965962849e+00 1.833833797380057362e+00 -5.617515212261511515e+00 -1.982310820703127252e+00 -4.964185277758301207e-01 -7.498087420446638949e+06 7.498079818940671161e+06 -3.729394067049477623e+00 -1.045146336326352898e+00 3.730847255265505868e-01 -1.321398491490397564e+00 -7.188472362282642081e+00 -1.168719915135225662e+01 -2.511859339737029018e+00 -2.023172876711145207e+01 9.075694898253542364e-01 -1.922585215078894421e+07 -7.120798571186414128e-01 -1.922585142058533058e+07 -1.782069786577409332e+01 -6.304330485887684077e+00 2.226048742737576802e+00 4.365858205733688990e+00 -7.498077151962537318e+06 1.079707297272268960e+02 -3.320237889027341183e+00 1.922585142920531332e+07 -1.558481530790573277e+00 4.971347860977837207e+00 2.201077399389121947e-01 6.940603045826621020e+00 -2.409062032606676507e+00 4.596691094314177661e+00 3.262450531792931985e-01
6.214588226317203099e-04 1.525923296295511340e-03 1.714017031718970737e-03 1.577523527607699446e-03 1.646010073725667116e-03 3.728044017773271435e+00 -3.729394067049477623e+00 3.546463047448459791e-03 1.567346516173825097e-03 1.621418402016544741e-03 1.690385953593582548e-03 1.714989705189115749e-03 1.746170177831467231e-03 1.583926469748208254e-03 1.403945154156431519e-03 1.482920434949645296e-03 9.558888542880751515e+00 2.887576178742130568e-04 9.558897040779104515e+00 1.543440579402890122e-03 1.717040627813181839e-03 -1.817974927141293188e-03 1.639255765213743334e-03 3.727634370296761812e+00 -6.044917906565004662e-02 1.583130918957584158e-03 -9.558826856563136687e+00 1.443065522446258233e-03 1.185480997651234018e-03 4.247943030625365318e-06 1.711015901188518967e-03 1.654035021500450823e-03 7.654568683741823192e-04 -2.685420485788146683e-04
5.255332241470922830e-04 1.441254007778597964e-03 1.418541946530287035e-03 1.378299310820949204e-03 1.402023247616519808e-03 1.044034669447925223e+00 -1.045146336326352898e+00 1.567346516173825097e-03 3.208632342985570391e-03 1.246576784346833684e-03 1.689871048232794836e-03 1.604486264562174922e-03 1.242232191974458264e-03 1.476819787687998686e-03 1.372074153946804126e-03 1.314937164071998572e-03 2.676618460072343719e+00 3.157949930006193322e-04 2.676635412392728952e+00 1.351085194650722974e-03 1.377189102946474713e-03 -1.526229143745133675e-03 1.164151908254128145e-03 1.043682312988269523e+00 -5.095822301894466222e-02 1.399622261303685826e-03 -2.676558043156459288e+00 1.231151221553576473e-03 1.064278186904218113e-03 2.200694435700449014e-06 1.501293867408544629e-03 1.431167356723401368e-03 8.341622715650743019e-04 2.406129441505446584e-04
5.768345235400831666e-04 1.337192694581327635e-03 1.479350727313992822e-03 1.293500060460091522e-03 1.555261790024535648e-03 -3.747684141344690412e-01 3.730847255265510864e-01 1.621418402016544741e-03 1.246576784346833684e-03 2.297428162941648252e-03 1.656753225450410903e-03 1.831526826752010373e-03 1.531794083733868531e-03 1.675676122934417278e-03 1.346954197315553686e-03 1.661655609925512386e-03 -9.608393586104868600e-01 5.872260622463922497e-05 -9.608452611314981517e-01 1.275908297528919981e-03 1.450178537680902290e-03 -1.515381397399689434e-03 1.376610453805274942e-03 -3.747515742463614630e-01 -5.099442431613867427e-02 1.379111235905042601e-03 9.608634136157626626e-01 1.435702508878306536e-03 1.217476312459231770e-03 2.368682759459772668e-08 1.592605914026285407e-03 1.172352473673669718e-03 5.918817258015687420e-04 -1.837826207695205305e-03
6.771127614160571623e-04 1.493826181970687832e-03 1.742801516911719577e-03 1.451196281747313714e-03 1.495207634746288650e-03 1.319939751036802944e+00 -1.321398491490396454e+00 1.690385953593582548e-03 1.689871048232794836e-03 1.656753225450410903e-03 5.005753604246390709e-03 1.572766227218279095e-03 1.815981037445792059e-03 1.725858908261988225e-03 1.712106970757959826e-03 1.557524950819807671e-03 3.384276340806321670e+00 -5.653499910687345773e-05 3.384264749011951512e+00 1.508723546266388035e-03 1.597113844654414602e-03 -1.926528157300648253e-03 1.524861326841271030e-03 1.319691017363999075e+00 -6.441562099332111269e-02 1.567127621209479663e-03 -3.384280306790393489e+00 1.605438183327612903e-03 1.238861952956721085e-03 2.709622178070837841e-06 1.655066439484701411e-03 1.759106544827329166e-03 7.761601398272829130e-04 -4.173519837532166333e-04
5.480435452176632373e-04 1.534021056502802433e-03 1.622183599120942876e-03 1.315709449080755848e-03 1.638896364562645192e-03 7.187032620966389729e+00 -7.188472362282642081e+00 1.714989705189115749e-03 1.604486264562174922e-03 1.831526826752010373e-03 1.572766227218279095e-03 4.713116019589710763e-03 1.809499382458970747e-03 1.540661842669275097e-03 1.459305557430830161e-03 1.555727461827977141e-03 1.842814712302019586e+01 1.903147231767482700e-04 1.842811743614747044e+01 1.379977655098379302e-03 1.475279417271505673e-03 -1.666374338002123015e-03 1.510551884289737306e-03 7.186813781507463084e+00 -5.505387078275433832e-02 1.357344676003856537e-03 -1.842807613825286950e+01 1.553766695020351429e-03 1.242964738636101983e-03 6.142948570552986188e-06 1.615999628059430759e-03 1.326456217388205690e-03 7.050278835831003468e-04 -1.061754031674131023e-03
5.198922214827714564e-04 1.640236356618778122e-03 2.058172628028592278e-03 1.467796841970630531e-03 1.821529003686649627e-03 1.168589340394147769e+01 -1.168719915135225662e+01 1.746170177831467231e-03 1.242232191974458264e-03 1.531794083733868531e-03 1.815981037445792059e-03 1.809499382458970747e-03 1.198607219596277244e-02 1.617349634706910858e-03 1.916458924777545998e-03 1.412609962204213225e-03 2.996362360278419601e+01 -6.001098536127869243e-05 2.996362494514011132e+01 1.698442417798111739e-03 1.633090776710061304e-03 -2.383401053007699628e-03 1.717690146979029657e-03 1.168561967232861498e+01 -7.889049588124047441e-02 1.953497802729897530e-03 -2.996363757971558073e+01 1.595271554493471857e-03 1.047875024560742090e-03 7.517116417391320051e-06 1.464113676862523888e-03 1.586948101245654790e-03 8.197113023759521706e-04 -2.481390959481909924e-04
5.625431992165574055e-04 1.489004411742219681e-03 1.423322221122585605e-03 1.395969212719303486e-03 1.307345307145195683e-03 2.510385890187297075e+00 -2.511859339737029906e+00 1.583926469748208254e-03 1.476819787687998686e-03 1.675676122934417278e-03 1.725858908261988225e-03 1.540661842669275097e-03 1.617349634706910858e-03 3.101697903330751394e-03 1.410866707791664024e-03 1.512499799336526705e-03 6.436830170082727065e+00 1.091015633148749279e-04 6.436839048350810444e+00 1.386739650913800187e-03 1.522404030550668537e-03 -1.677134696754495075e-03 1.274005195522622111e-03 2.510179749038345509e+00 -5.632502545283752521e-02 1.390999935072412480e-03 -6.436818952419572248e+00 1.375197636709903646e-03 1.234948829714310097e-03 6.381388316421741279e-07 1.620472050548638380e-03 1.540825415563266314e-03 7.582722002520616168e-04 -7.205866742423976470e-04
6.243016020301182063e-04 1.502507064141253004e-03 1.243855214940198326e-03 1.407207772948803649e-03 1.507366100268492728e-03 2.023034149521088665e+01 -2.023172876711145207e+01 1.403945154156431519e-03 1.372074153946804126e-03 1.346954197315553686e-03 1.712106970757959826e-03 1.459305557430830161e-03 1.916458924777545998e-03 1.410866707791664024e-03 6.942174274265293377e-03 1.353329669190187975e-03 5.187281091453915138e+01 1.644362759866202311e-04 5.187278291646490658e+01 1.711879347585316350e-03 1.592968191488391061e-03 -1.875728926814602829e-03 2.073348197883888994e-03 2.023027441005195115e+01 -6.242827716757500672e-02 1.628359398834684476e-03 -5.187272464544337680e+01 1.457091371814140009e-03 1.043071673252089293e-03 3.727826900258196687e-06 1.509203858510279987e-03 1.564793223252075333e-03 7.893955025643435751e-04 3.432593045490882062e-04
5.963404487074907591e-04 1.342244167924574886e-03 1.327234057798754334e-03 1.345325497420323977e-03 1.374700213622742076e-03 -9.091466334025325446e-01 9.075694898253542364e-01 1.482920434949645296e-03 1.314937164071998572e-03 1.661655609925512386e-03 1.557524950819807671e-03 1.555727461827977141e-03 1.412609962204213225e-03 1.512499799336526705e-03 1.353329669190187975e-03 1.612091588927649661e-03 -2.331056453668590045e+00 9.341523630310167843e-05 -2.331060209340895195e+00 1.301893559461613685e-03 1.411102010190988911e-03 -1.421043233341587895e-03 1.300875055741196979e-03 -9.090371093323567075e-01 -4.763052726919333318e-02 1.342806963123702310e-03 2.331086036170545661e+00 1.348207620948495234e-03 1.163873737397365122e-03 1.079631244246011666e-06 1.529339346893198196e-03 1.281016179086247406e-03 7.685034012099221891e-04 -6.368845684004693745e-04
9.766195661080857349e+00 -4.705480250631213224e+00 1.440072208684270016e+01 5.079479021985109810e+00 1.269446700593041433e+00 1.922587164619977772e+07 -1.922585215078894421e+07 9.558888542880751515e+00 2.676618460072343719e+00 -9.608393586104868600e-01 3.384276340806325667e+00 1.842814712302019586e+01 2.996362360278419601e+01 6.436830170082727065e+00 5.187281091453915138e+01 -2.331056453668592265e+00 4.929707337460990250e+07 1.826933557077082160e+00 4.929707150227436423e+07 4.569090133410795573e+01 1.616143930734717671e+01 -5.704304421945018078e+00 -1.119764552615992059e+01 1.922584531611055881e+07 -2.767300063867518816e+02 8.510054673131456582e+00 -4.929707152410858124e+07 3.992731480402297972e+00 -1.274998298038206812e+01 -5.643798616090428544e-01 -1.780024399023092485e+01 6.173817938235546698e+00 -1.178833170578006317e+01 -8.343518191205185897e-01
1.420861263596067596e-05 6.268444606030328917e-05 3.415735421199213458e-04 4.033997634710261368e-05 2.096301140895150540e-04 7.125616837771906464e-01 -7.120798571186408576e-01 2.887576178742130568e-04 3.157949930006193322e-04 5.872260622463923853e-05 -5.653499910687351872e-05 1.903147231767483242e-04 -6.001098536127863145e-05 1.091015633148749279e-04 1.644362759866202311e-04 9.341523630310167843e-05 1.826933557077084158e+00 5.201808286730983180e-03 1.827022945449477298e+00 1.556496043742964315e-04 1.263460479893825953e-04 -2.398699234301718232e-04 1.825623508534798053e-04 7.124681751834405219e-01 -7.347130564613357263e-03 -1.946327693532190744e-04 -1.825727565014161113e+00 -1.428687848737025076e-05 7.575301589053424090e-05 4.538499506732494131e-06 -4.393320808972982963e-07 5.219488239035729001e-05 3.628449510725962723e-05 2.086532898418931581e-03
9.766197541966862516e+00 -4.705502482494290817e+00 1.440073374443298526e+01 5.079476332123427085e+00 1.269424038004697719e+00 1.922587091602880135e+07 -1.922585142058533058e+07 9.558897040779102738e+00 2.676635412392728952e+00 -9.608452611314981517e-01 3.384264749011951512e+00 1.842811743614747044e+01 2.996362494514011132e+01 6.436839048350813108e+00 5.187278291646489947e+01 -2.331060209340895195e+00 4.929707150227436423e+07 1.827022945449479296e+00 4.929706963001228124e+07 4.569089580352517999e+01 1.616142459784134644e+01 -5.704299950991602586e+00 -1.119763534583013076e+01 1.922584458588758856e+07 -2.767299240677012335e+02 8.510041461888295800e+00 -4.929706965181502700e+07 3.992745164984816242e+00 -1.274997861867363014e+01 -5.643802110913108683e-01 -1.780025123550284505e+01 6.173806920444097734e+00 -1.178833725863065496e+01 -8.343146247301685969e-01
5.807556462525804942e-04 1.434628169461414377e-03 1.357267100913926629e-03 1.451793548407311583e-03 1.420636183463490571e-03 1.781953625658974261e+01 -1.782069786577409332e+01 1.543440579402890122e-03 1.351085194650722974e-03 1.275908297528919981e-03 1.508723546266388035e-03 1.379977655098379302e-03 1.698442417798111739e-03 1.386739650913800187e-03 1.711879347585316350e-03 1.301893559461613685e-03 4.569090133410795573e+01 1.556496043742964315e-04 4.569089580352517288e+01 4.054844247853874734e-03 1.398048644595706932e-03 -1.652876225344636785e-03 1.508607005573992356e-03 1.781920315084283146e+01 -5.592093342964300079e-02 1.542038662237179506e-03 -4.569085189765105071e+01 1.386762116568716202e-03 1.032354601393699681e-03 -2.014157992247109792e-06 1.547388912029844243e-03 1.265553049020932920e-03 7.629981008320090583e-04 2.874818038269255616e-04
5.884491900588291382e-04 1.465719508836042838e-03 1.442365876475782066e-03 1.441840690680485900e-03 1.399419971919759571e-03 6.302986632917836118e+00 -6.304330485887684077e+00 1.717040627813181839e-03 1.377189102946474713e-03 1.450178537680902290e-03 1.597113844654414602e-03 1.475279417271505673e-03 1.633090776710061304e-03 1.522404030550668537e-03 1.592968191488391061e-03 1.411102010190988911e-03 1.616143930734717671e+01 1.263460479893825411e-04 1.616142459784134644e+01 1.398048644595706932e-03 2.361793774170190680e-03 -1.611629210154444467e-03 1.501326716898508749e-03 6.302768899026701455e+00 -5.447182591484674152e-02 1.442935523231868430e-03 -1.616139863258915099e+01 1.343924623509504474e-03 1.109489243837746180e-03 -1.678585380216678037e-06 1.557400047682313843e-03 1.454235180941995231e-03 7.875662403979474943e-04 -5.616608243940972374e-06
-5.910544877810893199e-04 -1.567423440940772040e-03 -1.788412766251566612e-03 -1.502512113807449043e-03 -1.913892669450436212e-03 -2.224687666698327959e+00 2.226048742737576358e+00 -1.817974927141293188e-03 -1.526229143745133675e-03 -1.515381397399689434e-03 -1.926528157300648253e-03 -1.666374338002123015e-03 -2.383401053007699628e-03 -1.677134696754495075e-03 -1.875728926814602829e-03 -1.421043233341587895e-03 -5.704304421945018966e+00 -2.398699234301718232e-04 -5.704299950991602586e+00 -1.652876225344636785e-03 -1.611629210154444467e-03 2.451240293511450317e-03 -1.766669172736190377e-03 -2.224452366382204005e+00 8.206912262440080319e-02 -1.664265756931451387e-03 5.704241592219348789e+00 -1.434229076261737132e-03 -1.135042432623520076e-03 -2.322423897184518678e-06 -1.596030542807227786e-03 -1.848137458273543809e-03 -7.737854334342689775e-04 6.737967359611137723e-05
5.400676736354685648e-04 1.516195417122924004e-03 1.553998212639545523e-03 1.341958757250817473e-03 1.670967973534907402e-03 -4.367051987864703833e+00 4.365858205733689879e+00 1.639255765213743334e-03 1.164151908254128145e-03 1.376610453805274942e-03 1.524861326841271030e-03 1.510551884289737306e-03 1.717690146979029657e-03 1.274005195522622111e-03 2.073348197883888994e-03 1.300875055741196979e-03 -1.119764552615992059e+01 1.825623508534797510e-04 -1.119763534583013431e+01 1.508607005573992356e-03 1.501326716898508749e-03 -1.766669172736190377e-03 5.807783953576639048e-03 -4.367397750167869575e+00 -5.853466881220385082e-02 1.675079371544501653e-03 1.119768664296904248e+01 1.240425433775433619e-03 1.085632754597224770e-03 5.606851276415122714e-06 1.426684656892011818e-03 1.683692017781536097e-03 7.067572566713473938e-04 5.193133618173338586e-05
3.808809321975155093e+00 -1.835363083867435963e+00 5.615882419776319523e+00 1.980828745803814739e+00 4.948641489216484834e-01 7.498084754782577045e+06 -7.498077151962537318e+06 3.727634370296761812e+00 1.043682312988269523e+00 -3.747515742463619626e-01 1.319691017363999075e+00 7.186813781507464860e+00 1.168561967232861498e+01 2.510179749038344621e+00 2.023027441005195115e+01 -9.090371093323571516e-01 1.922584531611055881e+07 7.124681751834405219e-01 1.922584458588758484e+07 1.781920315084282791e+01 6.302768899026701455e+00 -2.224452366382203561e+00 -4.367397750167869575e+00 7.498074486870313995e+06 -1.079168519998525682e+02 3.318726613949731341e+00 -1.922584459441183135e+07 1.556954986887089998e+00 -4.972515917499292115e+00 -2.201066935449475792e-01 -6.942316174336098378e+00 2.407603281585684041e+00 -4.597388602101089461e+00 -3.254083003383990147e-01
-2.016854247456182150e-02 -5.237908829793678361e-02 -5.980049818768207182e-02 -5.075404583327518954e-02 -6.298151362976700529e-02 -1.079250187904845859e+02 1.079707297272268676e+02 -6.044917906565003968e-02 -5.095822301894463446e-02 -5.099442431613866039e-02 -6.441562099332108493e-02 -5.505387078275433138e-02 -7.889049588124046053e-02 -5.632502545283751827e-02 -6.242827716757499978e-02 -4.763052726919331931e-02 -2.767300063867523363e+02 -7.347130564613352927e-03 -2.767299240677012335e+02 -5.592093342964298691e-02 -5.447182591484674152e-02 8.206912262440084482e-02 -5.853466881220385776e-02 -1.079168519998525966e+02 2.839117345369488898e+00 -5.641030850125804824e-02 2.767281079650564948e+02 -4.800495405194107890e-02 -3.773386961456547811e-02 4.623337612191748183e-04 -5.340842780908320458e-02 -6.176364862269068806e-02 -2.558009301724699716e-02 2.224009132097200248e-03
5.391267583046909732e-04 1.415752774806844924e-03 1.447311589090343950e-03 1.412924298332777833e-03 1.422383773336526264e-03 3.318939244844970826e+00 -3.320237889027346068e+00 1.583130918957584158e-03 1.399622261303686043e-03 1.379111235905043252e-03 1.567127621209479663e-03 1.357344676003856537e-03 1.953497802729897963e-03 1.390999935072412697e-03 1.628359398834684042e-03 1.342806963123702310e-03 8.510054673131453029e+00 -1.946327693532191286e-04 8.510041461888288694e+00 1.542038662237179506e-03 1.442935523231867996e-03 -1.664265756931451170e-03 1.675079371544501436e-03 3.318726613949737558e+00 -5.641030850125804824e-02 3.540294485589073111e-03 -8.510083916539903370e+00 1.334962727008061692e-03 1.034727328644966318e-03 -2.346559473884197322e-06 1.460734957634279158e-03 1.451621527201113655e-03 7.608168086165260479e-04 -1.438016796869837663e-04
-9.766194305771890072e+00 4.705516663449533787e+00 -1.440064061300037324e+01 -5.079466487806377550e+00 -1.269385923056570054e+00 -1.922587092452486977e+07 1.922585142920531332e+07 -9.558826856563131358e+00 -2.676558043156460176e+00 9.608634136157596650e-01 -3.384280306790367732e+00 -1.842807613825288016e+01 -2.996363757971556652e+01 -6.436818952419580242e+00 -5.187272464544336970e+01 2.331086036170554987e+00 -4.929707152410856634e+07 -1.825727565014161113e+00 -4.929706965181502700e+07 -4.569085189765104360e+01 -1.616139863258915454e+01 5.704241592219330137e+00 1.119768664296903893e+01 -1.922584459441183135e+07 2.767281079650565516e+02 -8.510083916539903370e+00 4.929706967395037413e+07 -3.992738057530297535e+00 1.274999901108573930e+01 5.643811560579388154e-01 1.780025128874937579e+01 -6.173788627554115394e+00 1.178834753855913320e+01 8.348310649825235741e-01
5.633403646411859087e-04 1.325743518798528763e-03 1.574048209616112646e-03 1.307651563631800472e-03 1.342614401965924525e-03 1.557190873022352484e+00 -1.558481530790574832e+00 1.443065522446258450e-03 1.231151221553576473e-03 1.435702508878306319e-03 1.605438183327612903e-03 1.553766695020351212e-03 1.595271554493471857e-03 1.375197636709903646e-03 1.457091371814139575e-03 1.348207620948495018e-03 3.992731480402283317e+00 -1.428687848737045913e-05 3.992745164984806472e+00 1.386762116568716202e-03 1.343924623509504257e-03 -1.434229076261737566e-03 1.240425433775433186e-03 1.556954986887094661e+00 -4.800495405194107890e-02 1.334962727008061692e-03 -3.992738057530297535e+00 2.862409043370235141e-03 1.092264995950917566e-03 1.541393429636498843e-06 1.528106680043036202e-03 1.348538532165719731e-03 6.988540892793365829e-04 -2.535071748507060005e-04
4.533490737904078381e-04 1.053142337555192532e-03 1.097628387305960755e-03 1.080553363187401533e-03 1.118423101677929864e-03 -4.972524736811796409e+00 4.971347860977838984e+00 1.185480997651234018e-03 1.064278186904218113e-03 1.217476312459232204e-03 1.238861952956720868e-03 1.242964738636101983e-03 1.047875024560741873e-03 1.234948829714310097e-03 1.043071673252089510e-03 1.163873737397365122e-03 -1.274998298038207167e+01 7.575301589053424090e-05 -1.274997861867362836e+01 1.032354601393699681e-03 1.109489243837745746e-03 -1.135042432623520076e-03 1.085632754597224770e-03 -4.972515917499293892e+00 -3.773386961456547811e-02 1.034727328644966318e-03 1.274999901108574107e+01 1.092264995950917566e-03 1.466891418894058878e-03 2.557621675090204605e-06 1.163739703701880193e-03 1.074895004041186413e-03 6.075346375088698731e-04 -2.601429329471837987e-04
-1.577737167398358733e-06 2.003521423413955017e-06 2.037946543484898795e-06 -1.470842620917218926e-06 8.420490976670600621e-06 -2.201082576781636380e-01 2.201077399389122502e-01 4.247943030625364471e-06 2.200694435700447744e-06 2.368682759460044645e-08 2.709622178070837417e-06 6.142948570552978564e-06 7.517116417391322592e-06 6.381388316421706339e-07 3.727826900258197957e-06 1.079631244246009125e-06 -5.643798616090428544e-01 4.538499506732485661e-06 -5.643802110913107573e-01 -2.014157992247107251e-06 -1.678585380216678672e-06 -2.322423897184518678e-06 5.606851276415116785e-06 -2.201066935449477180e-01 4.623337612191748183e-04 -2.346559473884197322e-06 5.643811560579391484e-01 1.541393429636498843e-06 2.557621675090204605e-06 3.220858196267011808e-06 1.699202726109803539e-06 2.969782615904033676e-06 2.518857173524806903e-06 -4.160136372139846519e-07
5.938038909060992798e-04 1.618109940091216198e-03 1.653357630714839127e-03 1.515598407211835811e-03 1.590601802380739406e-03 -6.942067105612416356e+00 6.940603045826623685e+00 1.711015901188518967e-03 1.501293867408545063e-03 1.592605914026285407e-03 1.655066439484701411e-03 1.615999628059430976e-03 1.464113676862523021e-03 1.620472050548638814e-03 1.509203858510279987e-03 1.529339346893198847e-03 -1.780024399023092130e+01 -4.393320808972755323e-07 -1.780025123550284860e+01 1.547388912029844677e-03 1.557400047682313843e-03 -1.596030542807227786e-03 1.426684656892011818e-03 -6.942316174336098378e+00 -5.340842780908320458e-02 1.460734957634279158e-03 1.780025128874937579e+01 1.528106680043036202e-03 1.163739703701880193e-03 1.699202726109803539e-06 2.575445279736742876e-03 1.597224497296268354e-03 8.554860602409018137e-04 -2.540022043095811603e-04
6.082124392509591837e-04 1.637656638425515499e-03 1.570635878809674467e-03 1.439395393342180439e-03 1.585465395164947734e-03 2.407758396423933078e+00 -2.409062032606681836e+00 1.654035021500450606e-03 1.431167356723401151e-03 1.172352473673669501e-03 1.759106544827328733e-03 1.326456217388205907e-03 1.586948101245654139e-03 1.540825415563266314e-03 1.564793223252075333e-03 1.281016179086247406e-03 6.173817938235522718e+00 5.219488239035714771e-05 6.173806920444089741e+00 1.265553049020933137e-03 1.454235180941995231e-03 -1.848137458273544243e-03 1.683692017781535880e-03 2.407603281585682709e+00 -6.176364862269068806e-02 1.451621527201113655e-03 -6.173788627554123387e+00 1.348538532165719731e-03 1.074895004041186413e-03 2.969782615904033676e-06 1.597224497296268354e-03 5.556154432152998063e-03 7.881547592649716443e-04 5.034118190109244505e-04
-2.056800157311280389e-04 7.746996983158665074e-04 6.669642510539668199e-04 8.596336824824987385e-04 7.240739989327422878e-04 -4.597454592745034319e+00 4.596691094314177661e+00 7.654568683741821023e-04 8.341622715650743019e-04 5.918817258015688504e-04 7.761601398272830214e-04 7.050278835831001300e-04 8.197113023759521706e-04 7.582722002520616168e-04 7.893955025643432499e-04 7.685034012099222975e-04 -1.178833170578006850e+01 3.628449510725966789e-05 -1.178833725863064963e+01 7.629981008320090583e-04 7.875662403979474943e-04 -7.737854334342688691e-04 7.067572566713473938e-04 -4.597388602101087685e+00 -2.558009301724700410e-02 7.608168086165258311e-04 1.178834753855913497e+01 6.988540892793365829e-04 6.075346375088698731e-04 2.518857173524808597e-06 8.554860602409019221e-04 7.881547592649714275e-04 1.106704587124763542e-03 5.739927684665504333e-04
5.197177102576959847e-05 1.803732360185897386e-04 -5.836565291284678174e-04 3.444054587193337244e-04 -2.175504327307117803e-04 -3.254005821052816105e-01 3.262450531792931985e-01 -2.685420485788146683e-04 2.406129441505446584e-04 -1.837826207695205738e-03 -4.173519837532166333e-04 -1.061754031674131023e-03 -2.481390959481907755e-04 -7.205866742423975386e-04 3.432593045490882604e-04 -6.368845684004693745e-04 -8.343518191205145929e-01 2.086532898418931147e-03 -8.343146247301646001e-01 2.874818038269255616e-04 -5.616608243940913081e-06 6.737967359611132302e-05 5.193133618173339941e-05 -3.254083003384029560e-01 2.224009132097201115e-03 -1.438016796869837663e-04 8.348310649825235741e-01 -2.535071748507060005e-04 -2.601429329471836903e-04 -4.160136372139867694e-07 -2.540022043095812145e-04 5.034118190109243421e-04 5.739927684665504333e-04 6.050428303455371130e-03
