# gamma3 gamma2 gamma1 gamma0 CZ2 CZ3 CZ0 CZ1 mu_n3370 mu_n4038 mu_n3447 b0 b1 b2 b3 mu_n1448 mu_n1309 mu_n1365 mu_m101 mu_n4536 mu_n4639 mu_n3972 mu_n4424 mu_n2442 mu_n5917 mu_n1015 mu_m31 CP2 dz mu_n3982 C00 C01 C02 C03 M_sne M_ceph3 M_ceph2 M_ceph1 M_ceph0 H0 mu_u9391 mu_n3021 mu_n4258 a_B mu_n5584 CP0 mu_n7250 CP1 CP3 mu_lmc
2.149992881546404760e-03 9.359479434493321289e-04 -1.015652590732054120e-03 2.913772956540616700e-04 4.723370629164008500e-04 7.152475095437838123e-04 4.916590750290456696e-04 -6.694822695427516150e-04 -4.078575484573272649e-04 -4.435512774047468878e-04 1.942221921426330470e-04 -1.132185595453486936e-04 5.657438567038705580e-05 2.248211940551587094e-04 -3.648984832779287994e-04 -1.810362234378814030e-04 -5.806560304533145986e-04 -3.958288478676186490e-04 -2.260417396398673785e-04 -2.759398922690857675e-04 -3.414178998016319136e-04 -3.273857510354604089e-04 -7.342847142156976297e-04 -2.281223628049517803e-04 7.253581748660847231e-05 -7.025351069517604176e-05 -3.929694740768420306e-04 6.523082209951410132e-04 -2.191916868240030352e-04 -3.723431288901444570e-04 1.496627455857808093e-04 -8.997734044165854313e-05 -2.255830453858865756e-04 -6.524912868411079993e-06 2.478933399950127817e-04 5.641512808500010650e-04 3.061714760084188183e-04 1.133725014343550143e-04 3.851864459404295295e-04 7.355321579623887683e-03 -1.482577042266861891e-04 -8.439572321021503220e-04 -2.660483229396623820e-04 -5.188392401140961550e-06 -6.013863900505476111e-04 -1.715119347265285513e-04 -8.957040538533158919e-04 1.842275884803043593e-04 -2.493980235187826379e-04 -1.156228389194988631e-04
9.359479434493321289e-04 1.490666689422116701e-03 -6.679143096420723201e-04 3.779945686906047934e-04 3.504444464538772255e-04 7.676192362271174949e-04 3.625354271227227538e-04 -8.662565085488910764e-04 -2.765207636495156272e-04 -3.786226451354121137e-04 3.747746351981218844e-04 6.534770812318428581e-05 3.226062883335631691e-05 -4.650747381086078571e-05 -2.743976190335547854e-04 -2.801915999562704833e-04 -5.759346370972011180e-04 -3.875690753607469825e-04 -2.711788276918444362e-04 -3.184744449657537645e-04 -6.653690134146444685e-04 -4.815639363799103069e-04 -2.439040166094437207e-04 -3.245593830109845079e-04 8.454413089494074510e-04 -4.945399162313462212e-04 -1.989438353132056043e-04 1.699677968977054380e-04 -7.621565251506976933e-05 -3.880776386381401652e-04 1.260988521431818075e-04 -1.745057292903856062e-04 -4.174785306521162866e-05 7.967136720400838743e-05 2.970108697017875875e-04 3.147950752292264236e-04 4.024930855082311620e-04 -2.376346076774929559e-05 2.106628109495936607e-04 7.903606234864407956e-03 6.986478210454446526e-05 -6.371965021800275178e-04 -1.438434395258707211e-04 -1.177024573251180342e-05 -6.990269844949377736e-04 2.308373107097238316e-04 -7.311098435871073642e-04 7.737752936626051759e-05 -1.428170855691036131e-04 -4.527584705084153956e-05
-1.015652590732054120e-03 -6.679143096420723201e-04 3.329462352539155467e-03 5.206288823147174659e-04 1.736525513538093174e-03 -2.888017464016091277e-04 -4.342846659748036292e-04 6.047840334737630700e-04 4.304180422131934422e-05 -4.363346402329317203e-05 -2.981923657031110980e-04 -1.408447965480426355e-04 -3.869651337321581793e-04 7.332150232370044220e-05 5.286327911309821395e-04 3.688430803405453521e-04 -3.396099495665558590e-04 -4.505406920791257580e-04 4.947279469682436563e-04 1.643386473105047424e-04 2.216904099549045232e-04 8.688018949574000636e-04 -6.236781926450759043e-04 -4.105857096269772293e-04 -4.688096558248629393e-04 -5.374144775399528409e-04 6.371243363697000318e-05 -5.785445594247813021e-04 2.323643046088968490e-04 8.267927568690565995e-04 -6.073980291255115873e-05 2.886366174126901935e-04 5.334943644437634960e-04 -7.780539921857926040e-05 -1.417005882512199267e-04 -2.791485985017498465e-04 -2.188108720120964564e-04 5.010687313736714990e-04 -5.811508938416923710e-05 -5.496160653796363336e-03 -2.183063704345093812e-04 1.207935324348623956e-03 -9.634790617661074966e-05 -4.876070018788107485e-06 7.414566518519707678e-04 3.786787740511223747e-04 -5.678398643862319663e-05 2.686215066282576585e-04 3.325659032483951850e-04 -8.243192307766886455e-05
2.913772956540616158e-04 3.779945686906047934e-04 5.206288823147174659e-04 1.163692169529130993e-03 6.470375436773637004e-04 -1.682726352057258999e-04 1.317506675200258578e-04 1.330194022417938908e-04 -1.093309479419326034e-04 -4.063097894237776517e-05 -1.531254887285109711e-04 -1.741073964965382710e-04 -2.517048321418601398e-04 -3.949636709068657272e-05 5.795226030968598049e-06 -2.243688723139654209e-06 -2.518678430649239899e-04 -1.580678122814383629e-04 -1.011044543398355967e-04 7.306393565699716782e-05 -2.787155883456393689e-04 -6.539279081249520025e-05 -3.512831918231663778e-04 -6.098603469161490657e-04 -8.694205052423054656e-05 -8.393246680753261961e-04 -1.402775204131676229e-04 6.387371085387256759e-05 7.974749985361072628e-05 -4.483224614849731684e-05 1.877241106655736901e-05 1.084754993679913420e-04 1.626183026280634582e-04 -5.017700750134645852e-05 1.722915542372698288e-04 1.282775432528681378e-04 2.162246581516966029e-04 7.098763209842781565e-05 2.527521374200281785e-04 4.521803561228374124e-03 -3.240431035606892540e-04 -1.199756571651760525e-04 5.450460458056982362e-05 -7.210898384591452539e-06 -9.851273716352883551e-05 -3.647729269198852174e-05 -6.553136456375487735e-04 1.556810156517704502e-04 2.765493764421942139e-04 -1.342721623190346286e-04
4.723370629164008500e-04 3.504444464538772255e-04 1.736525513538093174e-03 6.470375436773638089e-04 4.296237650890440997e-03 -5.886607579436493361e-05 4.318949846319275281e-04 -2.040572384833404989e-04 -9.109065542888049143e-04 -1.337230380907696243e-03 1.057180647840617210e-04 2.702324658975113295e-05 7.069715552868438817e-04 6.950471739307545254e-04 1.728364233136826876e-04 1.804069087933276271e-04 -1.151275518207086832e-03 -1.506776846282534537e-03 -1.334263967068175148e-05 -7.913218464409516126e-04 -1.198775102825331380e-03 5.703557623702255799e-04 -1.980608586469323647e-03 -8.856970233297658136e-04 -1.214013747842021659e-04 -1.258925841887635708e-03 -3.026449415104714448e-04 -3.388893779878143753e-04 1.018963622369648719e-04 7.742175418476447734e-04 4.759354455911014273e-05 2.288417845841037945e-04 1.153390278289149551e-03 2.299580960229228449e-04 5.786002616040143536e-04 3.559202802662232278e-04 6.927129810404944238e-05 9.181700621504997528e-04 3.109978736097050072e-04 1.806613725964511044e-02 -2.322483741175155887e-04 7.159005103109680702e-04 -3.000457087722321805e-04 -6.665558534250197341e-06 -1.277251701959321642e-04 2.158003893689330790e-05 -1.289238770873435240e-03 6.078551735480856519e-04 8.162754007959187926e-04 -2.662331036931021161e-04
7.152475095437838123e-04 7.676192362271174949e-04 -2.888017464016091277e-04 -1.682726352057258999e-04 -5.886607579436493361e-05 2.476786901727087882e-03 8.449563377737910391e-04 -7.883552058901232250e-04 -1.220409387786915200e-04 -9.127050708738961449e-05 4.106371176861195764e-04 -5.666611189270976090e-05 2.260401831570537843e-04 -7.532150659159132756e-05 -2.058115702551440752e-04 -5.381613561272696820e-05 -4.433429155834908036e-04 -6.344914230959510632e-06 6.502460567948970948e-05 -2.264795932968269483e-04 -3.825478608971077336e-04 -2.418535732543163747e-04 -2.438709720555333775e-04 2.022041714341665493e-04 1.023931155009755525e-03 3.782974300908162194e-05 -4.211818467233462849e-06 5.840866294816012211e-04 -1.723528178455197880e-04 -3.128287540796369161e-04 2.614297802685940195e-04 -2.684433050752652256e-04 -2.264948778528600554e-04 1.595511642294137776e-04 8.641147773420698101e-05 9.604796641005885441e-05 2.278947232100878419e-04 3.796161787445119951e-05 -1.667349891214182326e-07 2.163908272627563731e-03 -2.787852608468732165e-04 -5.535810505742508802e-04 -3.117794385029472076e-04 -4.161925242346802180e-06 -4.668212061244964538e-04 -3.740847673200016509e-04 -6.059172267772010550e-04 -1.159497443408718137e-04 -9.792729950145267169e-04 1.562679464117854749e-04
4.916590750290456696e-04 3.625354271227227538e-04 -4.342846659748036292e-04 1.317506675200258578e-04 4.318949846319275281e-04 8.449563377737910391e-04 1.196298495647867737e-03 3.939735415132667807e-04 -4.381175084520579836e-04 -7.162861946554137556e-05 1.865692986307450126e-05 -7.810636996684132936e-05 1.248839070723280057e-04 -3.296152717134365889e-04 -2.899590443313276780e-04 -3.544594734266826247e-04 -4.240749257690592643e-04 5.819194002440029894e-05 -3.365481910193906709e-04 -6.486826142553573336e-04 -4.696841039968654790e-04 -1.099448644034662888e-04 -6.770308457910113528e-04 -2.781801684488536034e-04 -1.298637572160984987e-04 -7.439195990200016826e-04 -2.723789298107907398e-04 1.898269548579334528e-04 -1.167987277317372323e-04 -1.169969051752943408e-04 2.747594220423637472e-04 1.831744540394009168e-04 7.611863958681763602e-05 9.210209332382179469e-05 3.145046680693208479e-04 3.743112243525424589e-04 5.691852718863294695e-04 2.302859815733667445e-04 3.065573000611797870e-04 1.100938104499542096e-02 -5.705493566180464557e-04 -3.186386568142958171e-04 -4.099170056385886482e-04 3.577357320379751147e-06 -3.337656621101811084e-04 -2.737098086309949188e-04 -8.470378333551502152e-04 2.042483391763455654e-04 -9.546554641647582245e-05 -1.556107223169529773e-04
-6.694822695427516150e-04 -8.662565085488910764e-04 6.047840334737630700e-04 1.330194022417938366e-04 -2.040572384833404989e-04 -7.883552058901232250e-04 3.939735415132668349e-04 2.622108282869998856e-03 -3.270983772879562526e-04 3.467566426858293446e-04 -7.613947530194373680e-04 4.628904398226613587e-05 1.150023444911591445e-04 -7.338944109600677515e-04 3.936793920365496769e-04 -3.488828358917813680e-04 -2.833631584985131600e-04 2.591034158511179206e-04 -2.113854048946612794e-04 -1.288257949194153136e-04 1.924529647514709241e-04 -1.774340677258435649e-04 -8.280273153247059677e-04 -2.120972284897935315e-04 -1.827736773218986612e-03 -8.198381476673903935e-04 -1.909672661003102739e-04 -1.316573553718547928e-03 9.682422792789244128e-05 -3.273785103053536601e-04 7.322999610717189831e-05 5.775709061276823424e-04 5.136249299247665993e-04 -3.408491762182480579e-05 2.232240165950663882e-04 1.141008363847515454e-04 5.570427910926155661e-04 4.490346370343221679e-04 2.793275500152157765e-04 1.003322376581262595e-02 -1.102957216392699662e-03 2.599030638546432747e-04 -5.241747865015882217e-04 1.597040159367815043e-05 2.590722941155697377e-04 -3.233276002564290393e-06 -4.916008429710767543e-04 -1.530210507469462070e-04 5.913238956338530417e-04 -3.457261010939505154e-04
-4.078575484573272107e-04 -2.765207636495156814e-04 4.304180422131934422e-05 -1.093309479419325898e-04 -9.109065542888049143e-04 -1.220409387786915200e-04 -4.381175084520579836e-04 -3.270983772879562526e-04 6.207060945969351600e-04 3.502455305227822314e-04 4.402388665781229761e-05 9.443430699668362946e-06 -3.340828783040402598e-04 1.432975755570115495e-04 1.423598333139947905e-04 2.659252089558928711e-04 6.444709650429590250e-04 4.406830415322773821e-04 2.984737810052163370e-04 6.217188101013519392e-04 3.478461611607326707e-04 1.550433671835554786e-04 1.202843918144291813e-03 4.308852061893350205e-04 4.701870666635065863e-04 5.361081261893720865e-04 3.246335702438798466e-04 3.612950445202479780e-04 1.189689715217357168e-05 2.892745453408682838e-04 -1.075429846808156941e-04 -4.737430848695028989e-05 -4.189590704679962366e-04 -1.515081189149222344e-05 -4.022801879440522795e-04 -3.416915971360066895e-04 -4.882003896368121215e-04 -4.312818784205855582e-04 -3.208272214591859333e-04 -1.253114644670472698e-02 4.546431387673272907e-04 -2.455057716884258964e-05 3.789787098670645738e-04 4.796008756761527840e-06 3.347676921345626370e-04 1.853149305738335955e-05 6.669735484782199396e-04 6.855106922509083037e-05 7.978770854310045333e-05 2.846104046584977646e-04
-4.435512774047468878e-04 -3.786226451354121137e-04 -4.363346402329315848e-05 -4.063097894237776517e-05 -1.337230380907696243e-03 -9.127050708738961449e-05 -7.162861946554138911e-05 3.467566426858293446e-04 3.502455305227822314e-04 8.194234439554896714e-04 -1.749941906736594095e-04 -4.293247129812249202e-05 -2.916430680571081391e-04 -3.129396708452744386e-04 8.848067913250516267e-05 -5.588638806925502105e-05 6.057602893854553781e-04 7.753834228634352800e-04 -1.589828820744889951e-05 1.772962678507304917e-04 4.634102391603666239e-04 7.008977977104111220e-05 7.870258812193503192e-04 3.597912455207061808e-05 -7.486618043248932761e-05 1.945004530154091865e-04 7.969324328122271990e-05 2.024237531163588231e-04 -3.613555927960163339e-05 6.736139413493875082e-05 -8.471023477614547193e-06 9.149543144077666354e-05 -4.866820113398923498e-04 -1.362557865502615702e-05 -2.088622247821751937e-04 -9.592926794999007264e-05 -1.725021595500507795e-05 -1.683211036953167409e-04 -3.948553487354973345e-05 -5.905570388760001364e-03 -1.509808974927424451e-04 -6.234918280854936739e-05 1.428793176560542641e-04 6.141149052814974456e-06 2.841006584355829328e-04 1.241291201706851740e-04 4.375290963636984656e-04 7.318110204297613107e-06 -7.862746384077110820e-05 6.029445346329311532e-05
1.942221921426330470e-04 3.747746351981218844e-04 -2.981923657031110980e-04 -1.531254887285109711e-04 1.057180647840617481e-04 4.106371176861195764e-04 1.865692986307450804e-05 -7.613947530194373680e-04 4.402388665781229761e-05 -1.749941906736594095e-04 3.060648891514348687e-04 1.823118595894907091e-05 1.097758305442939518e-05 1.236029734784318168e-04 -1.068268585928402000e-04 7.254046825480968950e-05 1.034307676966970324e-05 -1.197232725350433666e-04 5.448650073205552356e-05 -1.743808152578068206e-05 -1.025580557988392798e-04 9.743348277239702763e-06 3.358174881690495907e-04 1.560395780314067441e-04 7.055270519373045644e-04 2.833454871101532711e-04 7.126210565461870371e-05 2.914870063608637090e-04 -6.070207805666168210e-05 4.526362380846374350e-05 3.081227753773614267e-06 -1.564101618347606007e-04 -9.268070181531426499e-05 9.262138618190938761e-05 -4.841468907926420383e-05 -1.684994264289554138e-05 -9.615474797978757881e-05 -1.428726549020993444e-04 -1.013097981041302035e-04 -2.147560981746705813e-03 2.927231648909548356e-04 -2.997341078550658889e-05 8.571278425686575662e-05 -3.285089724247888952e-06 -1.427272132547938600e-04 -2.441641215712672510e-06 1.927492129279238895e-04 7.390710824919831054e-05 -7.769992995424935167e-05 1.360965674180222829e-04
-1.132185595453486936e-04 6.534770812318428581e-05 -1.408447965480426355e-04 -1.741073964965382710e-04 2.702324658975113295e-05 -5.666611189270976090e-05 -7.810636996684132936e-05 4.628904398226615620e-05 9.443430699668362946e-06 -4.293247129812249202e-05 1.823118595894907091e-05 5.007252346979024302e-04 7.590511866632593740e-05 -5.476324494146958376e-05 -5.347488248708708508e-05 -5.523723811017872972e-05 -2.792145408225835809e-06 -3.843618832668991165e-05 -4.856244953823822481e-05 -8.364263316694352745e-05 -1.953053220005771635e-04 -4.846328916555197008e-05 -6.545058721696406494e-05 -3.010434801118777080e-05 1.035793629408794908e-04 3.791562352978905873e-05 2.587441688594210999e-06 3.978335049306685632e-05 1.605847945422647107e-05 1.316949799560149790e-04 1.974127339083649884e-05 -1.153628935892663851e-05 -6.667215661015830116e-05 -3.963742995288018368e-05 3.282828727710247480e-05 -2.575497113007032236e-05 4.999311875280720315e-05 -5.645508146041541988e-06 1.421174486522677807e-05 1.228385485347611300e-03 1.187766485946585338e-04 -1.944132074924418178e-04 1.907581609891213179e-05 8.029906761878084162e-07 1.379025584001757744e-05 1.667764373260109255e-04 -1.405411619386918618e-04 -4.731370953005472458e-05 -1.048062141522495622e-04 -1.456714114324618727e-05
5.657438567038706935e-05 3.226062883335631691e-05 -3.869651337321581793e-04 -2.517048321418601398e-04 7.069715552868438817e-04 2.260401831570537843e-04 1.248839070723280057e-04 1.150023444911591039e-04 -3.340828783040402598e-04 -2.916430680571081391e-04 1.097758305442939518e-05 7.590511866632593740e-05 1.707774632387972294e-03 -3.166109906787081688e-05 3.124087416644378938e-04 -6.164046341999714583e-05 -2.197703107869606654e-04 -4.315561879885831823e-04 -2.012113151712955240e-04 -2.386923445395882769e-04 -4.514035387612828887e-04 -9.483181958115210466e-05 -5.536720302779982693e-04 -1.165508231838950458e-04 -6.066488360711038384e-04 -2.869809429802669984e-04 -1.567584570624564106e-04 -3.591693136719605875e-04 -5.514691944821523351e-05 -4.445109649496146358e-04 -2.918681433442387088e-06 6.542519431903603218e-05 4.332544834214429545e-04 1.591599245331741378e-04 2.867146923732910037e-04 1.852848463123464801e-04 2.478916165256368331e-04 7.756207509049433454e-04 1.007034914192552654e-04 9.012447449018013562e-03 -7.318230630229144050e-04 7.086033399187782430e-05 -2.936404243094389984e-04 -2.890410219079795380e-06 -2.475134463860682323e-04 -1.923260855708765443e-04 -3.141057726225981853e-04 9.160726982360389544e-05 4.039302211486521152e-04 -7.014310818048857007e-05
2.248211940551587094e-04 -4.650747381086078571e-05 7.332150232370044220e-05 -3.949636709068659983e-05 6.950471739307545254e-04 -7.532150659159132756e-05 -3.296152717134365889e-04 -7.338944109600678599e-04 1.432975755570115495e-04 -3.129396708452744386e-04 1.236029734784318168e-04 -5.476324494146958376e-05 -3.166109906787081688e-05 1.442626042507753198e-03 9.188400455577003039e-05 3.525554615459198658e-04 3.112361256090493658e-04 -1.145539232493812421e-04 2.865337257511613189e-04 2.334139505873895069e-04 -3.459688944710410908e-05 1.781902064356577389e-04 5.942628664078460987e-04 3.035689787781021241e-04 6.117571716849959634e-04 1.672238311798101000e-04 2.325027895159157429e-04 7.050601685969943319e-05 -4.111442317799663196e-05 4.448299157264077805e-04 -1.566414194273371067e-04 -7.029456628973494118e-05 2.183401802863661582e-04 1.951392645766031558e-04 -1.315481953284983793e-04 -7.824432688040566938e-05 -9.469980213513169839e-04 -1.612934755147344833e-04 -1.834316316450800574e-04 -1.993610680226749754e-03 6.396612687264261214e-04 1.794242038283383716e-04 3.526417699517057458e-04 1.434804665235110440e-05 -9.106950187199826978e-06 -1.141664498835689604e-04 3.045273768876265424e-04 2.285296665860774804e-04 5.300686947647189218e-04 2.117534152111169435e-04
-3.648984832779287994e-04 -2.743976190335546770e-04 5.286327911309821395e-04 5.795226030968598049e-06 1.728364233136826876e-04 -2.058115702551441023e-04 -2.899590443313276780e-04 3.936793920365496769e-04 1.423598333139947905e-04 8.848067913250516267e-05 -1.068268585928402000e-04 -5.347488248708708508e-05 3.124087416644378938e-04 9.188400455577003039e-05 1.143545586737898870e-03 1.658941939392634467e-04 1.828681453406897446e-04 9.319619025133853455e-05 1.015139230711944611e-04 3.676446815507192689e-04 1.443733933202822630e-04 1.387251968161464298e-05 6.672371020064953679e-04 1.078705677672944649e-04 -2.135752000572190554e-04 -1.619223166700771226e-04 1.052698888817538852e-04 -5.873432613481960590e-04 -2.031968111661226520e-05 -2.125165339802892353e-05 -1.257640988899887515e-04 2.896563156875149809e-04 3.370485739589136566e-04 1.621737380747475805e-04 -6.418122792414283071e-05 -7.569998699881852597e-05 -2.083112044701495300e-04 1.665953082576167928e-04 -1.006568353631511365e-04 -3.775697830237004747e-04 -2.748690379583041028e-04 3.785882247819053435e-04 -7.592835281684934494e-06 1.063820784530483237e-05 1.237153886116658678e-04 9.773586918028517151e-06 3.052146594219335026e-04 3.884485839316434951e-04 1.026963594760724489e-03 1.338058954297790409e-04
-1.810362234378814030e-04 -2.801915999562705375e-04 3.688430803405452979e-04 -2.243688723139654209e-06 1.804069087933276271e-04 -5.381613561272696820e-05 -3.544594734266825705e-04 -3.488828358917814222e-04 2.659252089558928711e-04 -5.588638806925502105e-05 7.254046825480968950e-05 -5.523723811017872972e-05 -6.164046341999714583e-05 3.525554615459198658e-04 1.658941939392634467e-04 3.384809413761031530e-04 2.736813747544552893e-04 -3.201004359788996037e-05 3.092516597945112059e-04 3.861011704547960793e-04 1.847927414075708368e-04 2.433766562539355343e-04 5.440693268529806599e-04 2.817146470523178335e-04 3.676294998172273875e-04 4.050746305775762167e-04 2.290038717455041548e-04 1.348231209583970866e-04 1.314838919520884027e-05 2.877862040207661005e-04 -1.202932928101749325e-04 -5.578581688226646941e-05 9.434969801931353720e-06 6.918374532561169890e-05 -2.272975372719497243e-04 -2.201420028849264225e-04 -4.555132563473913944e-04 -1.451597776249240451e-04 -2.242839746093093338e-04 -7.028721561790202826e-03 2.887236444657963826e-04 2.902723928991436143e-04 2.501110960181776393e-04 3.059653683776759624e-06 2.368121819723199796e-04 -8.951152450210352377e-05 4.621668955047803212e-04 6.644090120907467263e-05 2.219134248255829028e-04 1.963503477957300434e-04
-5.806560304533145986e-04 -5.759346370972013348e-04 -3.396099495665558590e-04 -2.518678430649239899e-04 -1.151275518207086832e-03 -4.433429155834908036e-04 -4.240749257690592643e-04 -2.833631584985131600e-04 6.444709650429590250e-04 6.057602893854553781e-04 1.034307676966970324e-05 -2.792145408225835809e-06 -2.197703107869606654e-04 3.112361256090493658e-04 1.828681453406897446e-04 2.736813747544552893e-04 1.064272056586290129e-03 7.426710832519391745e-04 2.191929950930246343e-04 5.402510832223083323e-04 5.343765583419753367e-04 2.661700547234466751e-04 1.693002553347131662e-03 4.693626240252180785e-04 4.577035686196317455e-04 6.852799078325019994e-04 3.557235606510747829e-04 4.092491365540457788e-04 -5.969324627144807820e-05 3.939647339865278179e-04 -1.697552263449647473e-04 3.744135242965349064e-05 -4.727594642597086438e-04 1.237761349740981438e-04 -4.388032582601827502e-04 -2.903940102013253784e-04 -6.518164327043353022e-04 -4.448010503078521079e-04 -3.303690612745790599e-04 -1.240810813873672973e-02 4.161363078504955854e-04 1.538655923697602231e-04 5.118868747906106347e-04 1.290138413635941206e-05 4.187226965350933903e-04 -4.372480344487659820e-05 1.092742942597174421e-03 2.266885829176599782e-04 4.267067560938463903e-04 3.258733581029551823e-04
-3.958288478676186490e-04 -3.875690753607469825e-04 -4.505406920791258122e-04 -1.580678122814383629e-04 -1.506776846282534537e-03 -6.344914230959464892e-06 5.819194002440027184e-05 2.591034158511179206e-04 4.406830415322773821e-04 7.753834228634352800e-04 -1.197232725350433666e-04 -3.843618832668991165e-05 -4.315561879885831823e-04 -1.145539232493812421e-04 9.319619025133853455e-05 -3.201004359788996037e-05 7.426710832519391745e-04 9.333455135178242131e-04 5.927255674654453147e-06 2.472934905209688873e-04 4.297330592664532498e-04 2.567030798733086542e-06 1.087880268832791151e-03 2.576999656740103337e-04 1.275276051781723866e-04 2.510635331062863749e-04 1.715826180465814270e-04 3.255903967001455026e-04 -6.235752663190170157e-05 1.324099071569330400e-04 -1.383969793055276495e-05 1.117915536385596671e-04 -5.084687541873860296e-04 3.239635424700638251e-05 -2.593919616934944623e-04 -1.411778079467610695e-04 -1.851865889661078704e-04 -3.917289705336681220e-04 -1.238561393749669590e-04 -6.512636017401337782e-03 7.713462940288467995e-05 -2.271114884345629245e-04 2.157628055826379899e-04 1.260008633686510805e-05 2.421651902715463449e-04 -1.682151728774872157e-05 4.794096611718859347e-04 1.027136775541949236e-04 -2.408835831751306473e-05 1.489281377885142625e-04
-2.260417396398673785e-04 -2.711788276918444362e-04 4.947279469682436563e-04 -1.011044543398355967e-04 -1.334263967068175148e-05 6.502460567948973658e-05 -3.365481910193906167e-04 -2.113854048946612794e-04 2.984737810052163370e-04 -1.589828820744889951e-05 5.448650073205552356e-05 -4.856244953823822481e-05 -2.012113151712955240e-04 2.865337257511613189e-04 1.015139230711944611e-04 3.092516597945112059e-04 2.191929950930246343e-04 5.927255674654453147e-06 3.780403900567037389e-04 4.090979512907343130e-04 2.551867898723480491e-04 2.301863037754168573e-04 5.013860777554532671e-04 3.952892038239365726e-04 3.882474259992807031e-04 4.705108142244182417e-04 2.656998006709314570e-04 4.473089333458713819e-05 2.231073757496060211e-05 2.850737196582510142e-04 -9.819675796908835239e-05 -7.086913692416715622e-05 -2.362067480616230437e-05 7.041289161275724763e-05 -2.714181540771720236e-04 -2.404371291475895431e-04 -4.528791628427234622e-04 -1.874721578843294135e-04 -2.592132490374427943e-04 -8.238116498846743616e-03 3.326854276301828821e-04 2.717610528040715289e-04 1.968815906546284933e-04 4.574825376880243791e-06 2.724779425571762707e-04 -4.951369485050258585e-06 4.550496024650669429e-04 -4.085204358854121814e-05 6.598537743338515004e-05 1.989912588079276775e-04
-2.759398922690857675e-04 -3.184744449657537645e-04 1.643386473105047695e-04 7.306393565699716782e-05 -7.913218464409513958e-04 -2.264795932968268399e-04 -6.486826142553573336e-04 -1.288257949194153136e-04 6.217188101013519392e-04 1.772962678507304917e-04 -1.743808152578068206e-05 -8.364263316694352745e-05 -2.386923445395882769e-04 2.334139505873895069e-04 3.676446815507192689e-04 3.861011704547960793e-04 5.402510832223083323e-04 2.472934905209688873e-04 4.090979512907343130e-04 9.599958417731416964e-04 4.837553792564421072e-04 2.857195983652694829e-05 1.320197257222046781e-03 5.721628995241222638e-04 2.700757250005074287e-04 5.901508475216466192e-04 3.734048681058261339e-04 -1.589196532362566867e-05 2.087448363933529317e-05 -7.796606678985688752e-06 -1.879323973784197772e-04 1.777961952489959228e-05 -1.920575433579801180e-04 5.542442418472527156e-05 -4.286463743068302974e-04 -3.801829957879977544e-04 -5.916194940807340506e-04 -4.163222034963033071e-04 -3.622357018846947101e-04 -1.344658493474499769e-02 2.889557683822756404e-04 1.138982058102518293e-04 3.427808932326514672e-04 4.569617765334703598e-06 3.066565754570954811e-04 -1.818635863197053419e-04 7.873043075298753269e-04 1.104580836509798250e-04 4.282927443050487857e-04 3.345526279339363523e-04
-3.414178998016319136e-04 -6.653690134146443601e-04 2.216904099549045232e-04 -2.787155883456393689e-04 -1.198775102825330946e-03 -3.825478608971077336e-04 -4.696841039968654790e-04 1.924529647514709241e-04 3.478461611607326707e-04 4.634102391603666239e-04 -1.025580557988392798e-04 -1.953053220005771635e-04 -4.514035387612828887e-04 -3.459688944710410908e-05 1.443733933202822630e-04 1.847927414075708368e-04 5.343765583419753367e-04 4.297330592664532498e-04 2.551867898723480491e-04 4.837553792564421072e-04 1.065739512227164339e-03 1.880016919299441725e-04 1.028655885005984143e-03 5.154417727178851752e-04 -2.271731580636153665e-04 8.400739622596396913e-04 1.675092582165528608e-04 -1.802982294974045201e-04 -6.240705070599146249e-05 -1.737156444933639907e-04 -1.640263925796421932e-04 6.724417592873903349e-05 -1.484062478041416424e-04 -1.079610466951711759e-05 -4.105716120176648829e-04 -1.958141249158164526e-04 -3.128203889345697753e-04 -2.501062898336871006e-04 -1.998288885835213641e-04 -1.286773446216021854e-02 2.456912892470721518e-05 5.614087985517663814e-04 1.115548752176131689e-04 4.487072769624878648e-06 3.538622329744067828e-04 -1.184256494603302745e-04 1.202949535292841985e-03 3.551485557870379697e-05 1.759321649414955294e-04 1.614848420861376510e-04
-3.273857510354604089e-04 -4.815639363799103069e-04 8.688018949574000636e-04 -6.539279081249520025e-05 5.703557623702255799e-04 -2.418535732543163747e-04 -1.099448644034663701e-04 -1.774340677258435649e-04 1.550433671835554786e-04 7.008977977104111220e-05 9.743348277239702763e-06 -4.846328916555197008e-05 -9.483181958115210466e-05 1.781902064356577389e-04 1.387251968161464298e-05 2.433766562539355343e-04 2.661700547234466751e-04 2.567030798733086542e-06 2.301863037754168573e-04 2.857195983652694829e-05 1.880016919299441725e-04 6.162676949271573635e-04 2.261468775969812913e-04 1.873766887540734242e-05 7.907168318703645948e-05 2.048284093364601791e-04 9.448533590500251731e-05 3.037812441199898316e-04 8.394273687064042664e-06 6.550974897585351521e-04 -4.438752894986914188e-05 8.978865973001738958e-05 -4.395516654979298826e-05 4.121616005490749197e-05 -1.998242222566293095e-04 -1.060903229084656819e-04 -2.914113770868231846e-04 8.533689076387554061e-05 -1.105663239845172045e-04 -6.211898367494657520e-03 1.592474158868425712e-04 5.267507022838831569e-04 1.457576219332715867e-04 2.461541450329734544e-06 4.358630578153039063e-04 7.755382943265822448e-05 3.725592892437451747e-04 2.861066960277440139e-04 2.040344520592865887e-04 8.112806848001145616e-05
-7.342847142156976297e-04 -2.439040166094437207e-04 -6.236781926450761212e-04 -3.512831918231663778e-04 -1.980608586469323647e-03 -2.438709720555333775e-04 -6.770308457910113528e-04 -8.280273153247057509e-04 1.202843918144291813e-03 7.870258812193503192e-04 3.358174881690495907e-04 -6.545058721696406494e-05 -5.536720302779982693e-04 5.942628664078460987e-04 6.672371020064953679e-04 5.440693268529806599e-04 1.693002553347131662e-03 1.087880268832791151e-03 5.013860777554532671e-04 1.320197257222046781e-03 1.028655885005984143e-03 2.261468775969812913e-04 4.165711859052787132e-03 1.180346458781129709e-03 1.608119995827061305e-03 1.285982499388935987e-03 7.312293885214748816e-04 2.241988022512296920e-04 -2.472300852068077311e-04 3.121140897889629405e-04 -3.085809231011580971e-04 1.803890691283350654e-04 -6.557547098625838991e-04 4.928674958309767771e-04 -8.754007081878437905e-04 -5.274940535992892745e-04 -1.249780017298071644e-03 -9.870011229557366754e-04 -6.924633741702926641e-04 -2.488335116842555275e-02 6.651805474564084645e-04 5.456715008743066170e-04 7.959969036667094823e-04 2.496902491745100756e-05 4.241874156246351005e-04 -1.545995187863261555e-04 2.407865846060982043e-03 8.063074573159510891e-04 1.726708396974113279e-03 8.478947238944612710e-04
-2.281223628049517803e-04 -3.245593830109844537e-04 -4.105857096269772835e-04 -6.098603469161490657e-04 -8.856970233297658136e-04 2.022041714341665222e-04 -2.781801684488536034e-04 -2.120972284897934231e-04 4.308852061893350205e-04 3.597912455207061808e-05 1.560395780314067441e-04 -3.010434801118777080e-05 -1.165508231838950458e-04 3.035689787781021241e-04 1.078705677672944649e-04 2.817146470523178335e-04 4.693626240252180785e-04 2.576999656740103337e-04 3.952892038239365726e-04 5.721628995241222638e-04 5.154417727178851752e-04 1.873766887540734242e-05 1.180346458781129709e-03 9.498646460828158531e-04 5.156350443102678763e-04 9.466325209964138567e-04 3.965084580030783941e-04 -5.824651365120601883e-05 -7.547641456088493585e-05 -3.061707894202604749e-05 -1.379828794763289024e-04 -7.859809702184605102e-05 -9.160265962457568567e-05 1.733106373084813035e-04 -4.023238485475284158e-04 -2.886055165740576104e-04 -5.712546792368829824e-04 -4.309557087638171235e-04 -4.235610024269027872e-04 -1.135462559381764103e-02 4.464131619932042746e-04 1.843228279002965782e-04 1.879431068007859473e-04 1.198497517179000927e-05 1.694371621892377185e-04 -2.201632573396776157e-04 9.597190411051962234e-04 -5.299768475967707606e-05 1.643750209594330527e-04 3.559182276805898117e-04
7.253581748660848586e-05 8.454413089494074510e-04 -4.688096558248629393e-04 -8.694205052423054656e-05 -1.214013747842021930e-04 1.023931155009755309e-03 -1.298637572160985529e-04 -1.827736773218986612e-03 4.701870666635065863e-04 -7.486618043248932761e-05 7.055270519373045644e-04 1.035793629408794908e-04 -6.066488360711038384e-04 6.117571716849959634e-04 -2.135752000572190554e-04 3.676294998172273875e-04 4.577035686196317455e-04 1.275276051781723866e-04 3.882474259992807031e-04 2.700757250005074287e-04 -2.271731580636153665e-04 7.907168318703645948e-05 1.608119995827061305e-03 5.156350443102678763e-04 2.608870194078980864e-03 7.983076111106242887e-04 4.894336191040957358e-04 8.236933756008990321e-04 -1.105103911212668274e-04 6.410341002274302664e-04 -3.050166060488111538e-05 -4.791938201357926028e-04 -4.545076442541860144e-04 3.490437739927463039e-04 -3.111453793417605623e-04 -2.566791461824161611e-04 -7.034177474450350282e-04 -7.782197120417996784e-04 -4.184491148962510873e-04 -9.219804380920784345e-03 1.126139994736769043e-03 -1.151806303976902443e-04 6.235815979841439777e-04 6.607570999012018972e-06 -1.191111627434631880e-04 2.618270771263424886e-04 6.717089237044571344e-04 -7.393901553605357498e-05 -1.918959756194101547e-05 5.046144495835203862e-04
-7.025351069517604176e-05 -4.945399162313462212e-04 -5.374144775399528409e-04 -8.393246680753264129e-04 -1.258925841887635708e-03 3.782974300908159484e-05 -7.439195990200016826e-04 -8.198381476673903935e-04 5.361081261893720865e-04 1.945004530154091865e-04 2.833454871101532711e-04 3.791562352978905873e-05 -2.869809429802669984e-04 1.672238311798101000e-04 -1.619223166700771226e-04 4.050746305775762167e-04 6.852799078325019994e-04 2.510635331062863749e-04 4.705108142244182417e-04 5.901508475216466192e-04 8.400739622596396913e-04 2.048284093364601791e-04 1.285982499388935987e-03 9.466325209964138567e-04 7.983076111106242887e-04 1.785606863665040222e-03 3.969323452515659029e-04 4.197168436805463147e-04 -1.018066322064055472e-04 1.144071433898052556e-04 -1.991270858251778628e-04 -3.507746057491125313e-04 -5.225046782365318481e-04 6.979785225929687679e-05 -5.541562774741040079e-04 -3.571395820027922839e-04 -6.245983892292865771e-04 -5.467763881144778503e-04 -4.635863622424608974e-04 -1.772701530157193631e-02 7.196839892005852009e-04 2.671084271353807264e-04 3.903427872741409093e-04 3.871174033660148283e-06 3.343817349495312695e-04 -4.175764235710036581e-05 1.467960353454535747e-03 -3.172209775173503239e-04 -3.486546449407133016e-04 3.783951290477039582e-04
-3.929694740768420306e-04 -1.989438353132056314e-04 6.371243363697001673e-05 -1.402775204131676229e-04 -3.026449415104714448e-04 -4.211818467233467932e-06 -2.723789298107907940e-04 -1.909672661003102739e-04 3.246335702438798466e-04 7.969324328122271990e-05 7.126210565461870371e-05 2.587441688594210999e-06 -1.567584570624564106e-04 2.325027895159157429e-04 1.052698888817538852e-04 2.290038717455041548e-04 3.557235606510747829e-04 1.715826180465814270e-04 2.656998006709314570e-04 3.734048681058261339e-04 1.675092582165528608e-04 9.448533590500251731e-05 7.312293885214748816e-04 3.965084580030783941e-04 4.894336191040957358e-04 3.969323452515659029e-04 2.946381631827559976e-04 2.355760166698899852e-05 1.948132556188300645e-05 2.113515834771841062e-04 -9.987387685679604589e-05 -6.082784775524125646e-05 -7.322977057403463430e-05 1.194556067428438747e-04 -2.322410409290108328e-04 -2.424864045393016431e-04 -4.248313179875736357e-04 -2.883604011530843127e-04 -2.722863063214860818e-04 -6.654075981148383639e-03 3.580669852516885944e-04 1.388238927432427431e-04 2.538139675211534491e-04 6.304934821101308928e-06 1.961641898916104934e-04 -2.256349345347654657e-05 4.970484267349589355e-04 -2.939067086016973804e-05 1.264106181020169478e-04 2.156260578868492432e-04
6.523082209951410132e-04 1.699677968977054651e-04 -5.785445594247813021e-04 6.387371085387256759e-05 -3.388893779878143211e-04 5.840866294816012211e-04 1.898269548579334528e-04 -1.316573553718547712e-03 3.612950445202479780e-04 2.024237531163588231e-04 2.914870063608637090e-04 3.978335049306685632e-05 -3.591693136719605875e-04 7.050601685969943319e-05 -5.873432613481960590e-04 1.348231209583971408e-04 4.092491365540457788e-04 3.255903967001455026e-04 4.473089333458713819e-05 -1.589196532362569577e-05 -1.802982294974044659e-04 3.037812441199898316e-04 2.241988022512296920e-04 -5.824651365120599850e-05 8.236933756008990321e-04 4.197168436805463147e-04 2.355760166698899513e-05 1.743667935153023771e-03 -6.748813958912503700e-05 6.017924252526636771e-04 1.143759409465665825e-04 -2.804499406242688480e-04 -8.627853124813845455e-04 -1.875703373247489660e-04 -1.959409541101160795e-04 -3.774615316136492572e-05 -8.980016818842548136e-05 -3.611778168091366731e-04 -4.318923406595181092e-05 -7.794035027871371382e-03 5.920257430407268586e-04 -7.269849933821402902e-04 3.620992301295365245e-04 -7.934495071337090762e-06 1.070661583136877423e-04 -6.587117155780475297e-05 -2.037925080142681880e-04 1.255287130263893643e-04 -9.474340162833851586e-04 1.330494695875396901e-04
-2.191916868240029810e-04 -7.621565251506976933e-05 2.323643046088968490e-04 7.974749985361072628e-05 1.018963622369648583e-04 -1.723528178455198151e-04 -1.167987277317372052e-04 9.682422792789244128e-05 1.189689715217357168e-05 -3.613555927960163339e-05 -6.070207805666168210e-05 1.605847945422647107e-05 -5.514691944821523351e-05 -4.111442317799663196e-05 -2.031968111661226859e-05 1.314838919520883688e-05 -5.969324627144807820e-05 -6.235752663190168802e-05 2.231073757496060211e-05 2.087448363933528300e-05 -6.240705070599146249e-05 8.394273687064042664e-06 -2.472300852068077311e-04 -7.547641456088493585e-05 -1.105103911212668274e-04 -1.018066322064055472e-04 1.948132556188300645e-05 -6.748813958912502345e-05 8.304511624931478246e-05 5.387207072369004239e-05 -1.306684304158805828e-05 -2.792019084547396287e-05 6.172525325152449719e-05 -7.292282263002109973e-05 1.905746793370404670e-05 -7.576266787400560889e-05 1.513867926560117069e-05 -3.384907231215039279e-06 -1.783045235167995512e-05 1.619657237927590702e-04 7.383297323428456526e-05 2.448241287960635386e-06 2.913148022285328334e-05 -2.858253120182849429e-06 6.521973785957258180e-05 5.990240240512891614e-05 -1.182989486038853275e-04 -1.117295134211016000e-04 -1.552419452393277277e-04 -4.842143543905139602e-05
-3.723431288901444570e-04 -3.880776386381402736e-04 8.267927568690564910e-04 -4.483224614849731684e-05 7.742175418476448818e-04 -3.128287540796369161e-04 -1.169969051752943408e-04 -3.273785103053536601e-04 2.892745453408682838e-04 6.736139413493875082e-05 4.526362380846374350e-05 1.316949799560149790e-04 -4.445109649496146358e-04 4.448299157264077805e-04 -2.125165339802892353e-05 2.877862040207661005e-04 3.939647339865278179e-04 1.324099071569330400e-04 2.850737196582510142e-04 -7.796606678985688752e-06 -1.737156444933639907e-04 6.550974897585351521e-04 3.121140897889629405e-04 -3.061707894202604749e-05 6.410341002274302664e-04 1.144071433898052556e-04 2.113515834771841062e-04 6.017924252526637855e-04 5.387207072369002884e-05 1.245773289415145861e-03 -1.125672261403459899e-05 1.763090990437375283e-05 -2.177461806242090832e-04 4.127298615503958702e-05 -2.091066202255106800e-04 -1.973101384597941872e-04 -5.262067387744734370e-04 -1.670067786680858816e-04 -1.727184779215143028e-04 -5.036690762097784969e-03 6.710950070341164782e-04 2.104626527039448120e-04 3.837233517190536606e-04 1.140619909435498605e-05 5.144415414711961442e-04 3.801275697196801386e-04 7.977865234217681220e-05 2.004682388301440895e-04 1.661938564393486927e-04 1.225481860343732019e-04
1.496627455857808093e-04 1.260988521431818075e-04 -6.073980291255114518e-05 1.877241106655736901e-05 4.759354455911011562e-05 2.614297802685940195e-04 2.747594220423637472e-04 7.322999610717189831e-05 -1.075429846808156941e-04 -8.471023477614547193e-06 3.081227753773614267e-06 1.974127339083649884e-05 -2.918681433442387088e-06 -1.566414194273371067e-04 -1.257640988899887515e-04 -1.202932928101749325e-04 -1.697552263449647473e-04 -1.383969793055276495e-05 -9.819675796908835239e-05 -1.879323973784197772e-04 -1.640263925796421932e-04 -4.438752894986914188e-05 -3.085809231011580971e-04 -1.379828794763289024e-04 -3.050166060488111538e-05 -1.991270858251778628e-04 -9.987387685679604589e-05 1.143759409465665825e-04 -1.306684304158805828e-05 -1.125672261403459899e-05 1.486279564172807393e-04 -1.743908318618309403e-05 -5.172725035069671755e-05 -5.631655259153045708e-05 9.310817300303448219e-05 8.694029112215222773e-05 2.029075851909293248e-04 6.420974645253194166e-05 1.076218058232530602e-04 2.866355097303531236e-03 -1.243266485552435422e-04 -1.658493804543203142e-04 -1.191048920276103367e-04 -1.322100709459870007e-06 -9.027954558392732750e-05 2.085867206303979431e-05 -3.183954136769690533e-04 -6.214428148697422570e-05 -1.780254751067230105e-04 -6.998042077245606666e-05
