# gamma0 CZ0 mu_n3370 mu_n4038 mu_n3447 b0 mu_n3021 mu_n1309 mu_n1365 mu_m101 mu_n4639 mu_n3972 mu_n4424 mu_n2442 mu_n5917 mu_m31 dz mu_n3982 C00 mu_n1448 M_sne mu_n1015 M_ceph0 H0 mu_u9391 mu_n4536 mu_n4258 a_B mu_n5584 CP0 mu_n7250 mu_lmc
5.415289872842420082e-03 7.813793088300764354e-04 2.263853045630175823e-04 -6.526942083239511841e-04 3.129088924591722442e-04 -5.484181304126212875e-06 -4.422756384354547881e-04 -2.668629541986556708e-04 3.515526248336922036e-04 -1.786840347287505871e-03 -6.035734975469115920e-04 -9.480294705190284426e-04 -4.075058751327513226e-04 -6.547119705104749226e-04 5.415765470683254210e-04 -6.448266720112043153e-04 5.833483835957737154e-05 2.491479477865737435e-04 1.939892181163622813e-04 3.791734540484767104e-05 2.212718041153198653e-04 -4.570152472667851867e-05 7.056709941403029951e-04 7.153375586962565369e-03 2.350148867725724699e-05 -8.723576409637669356e-05 -3.111766353529072521e-04 -1.914785369005715399e-06 -2.931065279082867552e-04 -3.021490588614951374e-06 7.031142151127654002e-04 5.846899869098720745e-04
7.813793088300764354e-04 1.768213558099055067e-03 2.676269587937332934e-05 1.894014596433606296e-04 1.089840730455629815e-05 -2.985706834667290090e-06 -2.263453004274840465e-05 -7.115388117718499930e-05 2.007963430479035535e-05 -8.338437198972590455e-06 -1.705594279674935000e-05 1.237887743285602129e-05 7.568396524410103796e-05 -2.669477827616042906e-05 -1.236416161654661067e-04 -8.879328923012461383e-06 2.962138822081758404e-05 -3.782484585514567945e-06 4.308606487196616256e-04 4.074275316568109839e-05 -1.815734475629039924e-05 1.977734257350121025e-05 1.659504827951497740e-04 -9.037518818367605697e-04 -4.019142157790306004e-06 2.838852730808063640e-05 3.707608404613092393e-05 -1.773503193943641165e-06 -1.495167718512625880e-05 -9.536555218748247163e-06 1.259920978895784512e-04 -4.068099658197687632e-06
2.263853045630175823e-04 2.676269587937332934e-05 2.447688911761620144e-03 1.415699617598419969e-03 1.264207308975020963e-03 -9.423566435393386682e-05 1.375886355825480184e-03 1.245809979459045619e-03 1.373680757028187703e-03 1.231870399719488121e-03 1.342478255985958373e-03 1.314856475619598057e-03 1.467067773566535331e-03 1.238371118459413982e-03 1.321163086190828327e-03 1.255599799045308039e-03 5.256319321358697214e-04 1.458550255462199869e-03 5.233423111106750109e-06 1.316409861227760486e-03 -1.380859756512163583e-03 1.491080431871374913e-03 -1.239206852141234386e-03 -4.619145636155766455e-02 1.377684290022288633e-03 1.340047855032860946e-03 1.054727863636833801e-03 2.483111469948694675e-06 1.365175738285656290e-03 -2.315448094400182905e-06 1.437822328357799342e-03 7.403015499701739608e-04
-6.526942083239511841e-04 1.894014596433606296e-04 1.415699617598419969e-03 7.964269594873379238e-03 1.339131826678623691e-03 -9.810796157481907877e-05 1.616803142900510859e-03 1.340776625441051717e-03 1.295406239875526375e-03 1.618122332755927246e-03 1.664869888521387353e-03 1.612625445512881703e-03 2.066220159139446535e-03 1.311224426460660779e-03 1.343861481151391530e-03 1.383085042332639824e-03 5.915794486709794473e-04 1.281003275857753700e-03 4.434444749372432791e-05 1.317318364244902083e-03 -1.796281738483916212e-03 1.596293649602390473e-03 -1.389430644703772014e-03 -6.045633731551137979e-02 1.550755635892881552e-03 1.427950108403991825e-03 1.117692057188111659e-03 1.237206368471558706e-06 1.373248721786858020e-03 -2.859946286395693146e-07 1.617717002957690152e-03 6.015134082155777946e-04
3.129088924591722442e-04 1.089840730455629815e-05 1.264207308975020963e-03 1.339131826678623691e-03 1.885946873866329015e-03 -8.300003383664041046e-05 1.318917176697774214e-03 1.273658209998295007e-03 1.337147506020272244e-03 1.165568323536069753e-03 1.260248879605886880e-03 1.218419158448878900e-03 1.411095383037155176e-03 1.262172670662771402e-03 1.299566246336765485e-03 1.212360689247639215e-03 5.079569780995780558e-04 1.425297329706169767e-03 2.311167862790429218e-06 1.334019302605817664e-03 -1.329627597081877539e-03 1.403997699309173647e-03 -1.206948634124477109e-03 -4.487081234352203324e-02 1.331003781263908475e-03 1.327975596664874528e-03 1.032904847845723820e-03 6.653278003726698661e-09 1.303399435785501225e-03 -1.790228431229767570e-06 1.408973080359453246e-03 7.490182373721704801e-04
-5.484181304126215416e-06 -2.985706834667290090e-06 -9.423566435393386682e-05 -9.810796157481907877e-05 -8.300003383664041046e-05 1.207956008847134715e-04 -9.545416469585628881e-05 -9.134877173047202775e-05 -7.022698103051532926e-05 -3.841563966753474489e-05 -6.847953816913247382e-05 -6.414343942806768992e-05 -7.271288416621251216e-05 -5.789591394424249845e-05 -8.136082302090138325e-05 -7.437022168093072889e-06 4.732564787877343672e-07 -8.475442367988408594e-05 2.405504843199574070e-06 -7.197503792191335919e-05 7.936512881956686723e-05 -8.751804235817908242e-05 8.971588538483885709e-06 2.707090179921492739e-03 -8.225827061808941762e-05 -8.952350860754456567e-05 -4.280920555478495438e-05 1.288470256287597304e-07 -8.649105648388703490e-05 1.018321637009500328e-05 -9.065945094377510585e-05 2.123616896885340956e-05
-4.422756384354547881e-04 -2.263453004274840465e-05 1.375886355825480184e-03 1.616803142900510859e-03 1.318917176697774214e-03 -9.545416469585628881e-05 6.037080761046891529e-03 1.216761102858602509e-03 1.286754974355557154e-03 1.483469540241820527e-03 1.372108836379510709e-03 1.589104558247454160e-03 1.694346799614305545e-03 1.389682038793948245e-03 1.263363580722908766e-03 1.328762634632650293e-03 4.646772700170529163e-04 1.395424361558071820e-03 -6.841704281552366104e-06 1.364966050337362976e-03 -1.660926965315471290e-03 1.550679484663685824e-03 -1.315890399413131157e-03 -5.612466821840462333e-02 1.484626323704562245e-03 1.386919579764410654e-03 1.093801443689832852e-03 -3.131439801064931594e-07 1.349033224803518815e-03 1.501420390286177909e-06 1.451596653122623568e-03 7.132764062240007190e-04
-2.668629541986556708e-04 -7.115388117718499930e-05 1.245809979459045619e-03 1.340776625441051717e-03 1.273658209998295007e-03 -9.134877173047202775e-05 1.216761102858602509e-03 3.008160222626492068e-03 1.312451522906284531e-03 1.392938112874260968e-03 1.401988940680923843e-03 1.301089274558103314e-03 1.274499923436328390e-03 1.366887308989127693e-03 1.318314495288062851e-03 1.311801269851279152e-03 5.139980056896546875e-04 1.487713044559082869e-03 -1.924825292657637683e-05 1.400302838186500646e-03 -1.396869273308161494e-03 1.336950064879810886e-03 -1.303914485581523326e-03 -4.718491647179481191e-02 1.326773170579161531e-03 1.347488580623383558e-03 1.133015162511591010e-03 -5.005983443805386017e-07 1.352896101007371003e-03 -4.017055055573084024e-06 1.269632822194428131e-03 6.964314789267478292e-04
3.515526248336923120e-04 2.007963430479035535e-05 1.373680757028187703e-03 1.295406239875526375e-03 1.337147506020272244e-03 -7.022698103051532926e-05 1.286754974355557154e-03 1.312451522906284531e-03 3.385952184188042655e-03 1.220682935012526883e-03 1.396992194975773920e-03 1.250333737471406165e-03 1.372114319380326672e-03 1.236145924919627775e-03 1.405642365776885692e-03 1.273789271991675274e-03 5.303115610235637585e-04 1.440770206897151609e-03 8.943964506066496360e-06 1.431229348417360509e-03 -1.425518280269283010e-03 1.313292155901919387e-03 -1.257992083274237210e-03 -4.802691716299638258e-02 1.304006834531537106e-03 1.391291085306277896e-03 1.056542057562498112e-03 4.879609735432855749e-07 1.364999114889056805e-03 1.033300227420132067e-05 1.421364128894585591e-03 7.850323561602456793e-04
-1.786840347287505871e-03 -8.338437198972590455e-06 1.231870399719488121e-03 1.618122332755927246e-03 1.165568323536069753e-03 -3.841563966753474489e-05 1.483469540241820527e-03 1.392938112874260968e-03 1.220682935012526883e-03 2.211590706117947357e-03 1.556788448410528249e-03 1.650630765279903402e-03 1.523923111285817311e-03 1.539769308997019238e-03 1.075755161141775775e-03 1.535508885828482063e-03 5.222368637765564987e-04 1.375303013116361975e-03 -3.787828024516883205e-06 1.372766340310929267e-03 -1.434434895462083663e-03 1.393015708286670902e-03 -1.522217663503309991e-03 -4.827238349366037851e-02 1.326997902726965561e-03 1.369597380815166035e-03 1.211077191525919113e-03 7.424758103308007863e-07 1.432563622732754231e-03 -2.554774176218698408e-07 1.088159172575600296e-03 5.393653848700927017e-04
-6.035734975469117004e-04 -1.705594279674935000e-05 1.342478255985958373e-03 1.664869888521387353e-03 1.260248879605886880e-03 -6.847953816913247382e-05 1.372108836379510709e-03 1.401988940680923843e-03 1.396992194975773920e-03 1.556788448410528249e-03 4.428570879323402883e-03 1.471517068198311025e-03 1.790936870475850389e-03 1.343270828315952211e-03 1.310905055184404151e-03 1.358993059054766249e-03 5.254524332363823529e-04 1.476917280915583663e-03 -3.900657931501261130e-06 1.322959798955623519e-03 -1.615111211951474404e-03 1.455625344114438655e-03 -1.369249414501847893e-03 -5.445731689620091076e-02 1.330015336940832803e-03 1.476998718053620019e-03 1.100900716658718623e-03 2.911623785521302392e-07 1.363348664908357660e-03 2.436772481549297189e-06 1.302763282011298613e-03 6.709482179858449651e-04
-9.480294705190284426e-04 1.237887743285602129e-05 1.314856475619598057e-03 1.612625445512881703e-03 1.218419158448878900e-03 -6.414343942806768992e-05 1.589104558247454160e-03 1.301089274558103314e-03 1.250333737471406165e-03 1.650630765279903402e-03 1.471517068198311025e-03 4.518635281321878999e-03 1.820931776821240388e-03 1.359859402615446128e-03 1.183569306056690175e-03 1.420877139941763767e-03 5.034606993001832518e-04 1.438405748588509779e-03 -3.388986757830187582e-07 1.372653094312014732e-03 -1.624437372860176171e-03 1.445144368043069097e-03 -1.400342402968445454e-03 -5.492019028686311727e-02 1.364428927737851380e-03 1.312909059338542234e-03 1.131392025345255353e-03 -7.568798502105508678e-07 1.406113377959137146e-03 -1.696570823027670791e-06 1.259174803927673838e-03 6.407540925832663553e-04
-4.075058751327512141e-04 7.568396524410105151e-05 1.467067773566535331e-03 2.066220159139446535e-03 1.411095383037155176e-03 -7.271288416621251216e-05 1.694346799614305545e-03 1.274499923436328390e-03 1.372114319380326672e-03 1.523923111285817311e-03 1.790936870475850389e-03 1.820931776821240388e-03 1.259565341398325919e-02 1.349791328442248584e-03 1.400592844227907833e-03 1.390679630680122843e-03 4.848598140297072758e-04 1.725375185779446860e-03 2.606253155842774258e-05 1.460891828465254484e-03 -2.272801511709761878e-03 1.625691117867769870e-03 -1.398722583988841906e-03 -7.621783579243740503e-02 1.482565228086990842e-03 1.492112928460568276e-03 1.138045922663539176e-03 2.685101787353228568e-06 1.578908172309388507e-03 1.888736576249676439e-05 1.558484006205297081e-03 7.895575610009645173e-04
-6.547119705104749226e-04 -2.669477827616042906e-05 1.238371118459413982e-03 1.311224426460660779e-03 1.262172670662771402e-03 -5.789591394424249845e-05 1.389682038793948245e-03 1.366887308989127693e-03 1.236145924919627775e-03 1.539769308997019238e-03 1.343270828315952211e-03 1.359859402615446128e-03 1.349791328442248584e-03 2.813217301285725769e-03 1.253691622054503747e-03 1.373934787232400628e-03 5.159902832979488185e-04 1.420909427822151117e-03 -9.584570686539122352e-06 1.364305340057719515e-03 -1.421775877665004163e-03 1.454353324420881895e-03 -1.357054884930716711e-03 -4.804012692884145758e-02 1.323830564562685679e-03 1.342941175319803003e-03 1.095286133052514104e-03 -3.853079374348411798e-07 1.386548658343611864e-03 -5.973956507143988601e-06 1.252817449339538704e-03 6.553894081327543003e-04
5.415765470683254210e-04 -1.236416161654661067e-04 1.321163086190828327e-03 1.343861481151391530e-03 1.299566246336765485e-03 -8.136082302090138325e-05 1.263363580722908766e-03 1.318314495288062851e-03 1.405642365776885692e-03 1.075755161141775775e-03 1.310905055184404151e-03 1.183569306056690175e-03 1.400592844227907833e-03 1.253691622054503747e-03 6.757553275637058661e-03 1.169323480161003079e-03 5.489961258470840016e-04 1.524603705326990199e-03 -3.928116760456913827e-05 1.369187149267574437e-03 -1.599735654299702658e-03 1.426845654964871988e-03 -1.186530211173725084e-03 -5.493441293554684329e-02 1.463639859214782308e-03 1.305028048863708830e-03 1.014915479741236668e-03 -5.812304689895699850e-06 1.347016162027747047e-03 -2.420787567159345444e-05 1.468880086735635700e-03 7.408148249828160146e-04
-6.448266720112043153e-04 -8.879328923012461383e-06 1.255599799045308039e-03 1.383085042332639824e-03 1.212360689247639215e-03 -7.437022168093072889e-06 1.328762634632650293e-03 1.311801269851279152e-03 1.273789271991675274e-03 1.535508885828482063e-03 1.358993059054766249e-03 1.420877139941763767e-03 1.390679630680122843e-03 1.373934787232400628e-03 1.169323480161003079e-03 1.447326493956529623e-03 5.209196203944979316e-04 1.357643427838655086e-03 -3.811632419582846791e-06 1.352507485608445571e-03 -1.324544576752555635e-03 1.371660738825871599e-03 -1.376183723259222268e-03 -4.451568058277480949e-02 1.312196099622580650e-03 1.342382324464015154e-03 1.108594520977077306e-03 9.608223187185779008e-07 1.365656323435329332e-03 -2.526696896081712478e-06 1.207871874130917074e-03 6.869953621619289503e-04
5.833483835957737154e-05 2.962138822081758404e-05 5.256319321358697214e-04 5.915794486709794473e-04 5.079569780995780558e-04 4.732564787877333613e-07 4.646772700170529163e-04 5.139980056896546875e-04 5.303115610235637585e-04 5.222368637765564987e-04 5.254524332363823529e-04 5.034606993001832518e-04 4.848598140297074384e-04 5.159902832979488185e-04 5.489961258470840016e-04 5.209196203944979316e-04 7.385574395647535569e-04 5.258136188243436307e-04 5.346754685673787649e-06 5.568640254047343193e-04 -5.288548157528082279e-04 5.228827735852038285e-04 -5.217530020531730784e-04 -1.800547827086795838e-02 5.264914577772253313e-04 5.299438661245505031e-04 4.261488060761929901e-04 -1.066505793573515869e-06 5.333420781116819621e-04 -2.279554091353672854e-06 5.682458235696161413e-04 -2.018361483419144325e-04
2.491479477865737435e-04 -3.782484585514567945e-06 1.458550255462199869e-03 1.281003275857753700e-03 1.425297329706169767e-03 -8.475442367988408594e-05 1.395424361558071820e-03 1.487713044559082869e-03 1.440770206897151609e-03 1.375303013116361975e-03 1.476917280915583663e-03 1.438405748588509779e-03 1.725375185779446860e-03 1.420909427822151117e-03 1.524603705326990199e-03 1.357643427838655086e-03 5.258136188243436307e-04 4.505155798267892163e-03 -2.282437130667347362e-06 1.570438038847137485e-03 -1.580840375577989088e-03 1.459138333945454421e-03 -1.343825733031848426e-03 -5.275655887015278517e-02 1.404743216437829862e-03 1.485271932334632922e-03 1.166060310820606462e-03 3.683640799304044232e-06 1.447609361355216241e-03 5.223417682494193716e-08 1.552134878476433243e-03 8.498453828405566797e-04
1.939892181163622813e-04 4.308606487196616256e-04 5.233423111106750109e-06 4.434444749372432791e-05 2.311167862790429218e-06 2.405504843199574070e-06 -6.841704281552366104e-06 -1.924825292657637683e-05 8.943964506066496360e-06 -3.787828024516883205e-06 -3.900657931501261130e-06 -3.388986757830187582e-07 2.606253155842774258e-05 -9.584570686539122352e-06 -3.928116760456913827e-05 -3.811632419582846791e-06 5.346754685673790190e-06 -2.282437130667347362e-06 1.093945991480650541e-04 1.105622686851165340e-05 -2.961894738214985157e-06 4.686484245479843597e-06 4.366014087975141262e-05 -1.785287148699878134e-04 -6.540597773769849371e-07 2.201662907015699166e-06 8.409078875309038500e-06 -4.836779121934425755e-07 -3.815788893871776691e-06 5.655258605442549688e-06 3.010510813484925730e-05 3.300227858410989297e-07
3.791734540484767104e-05 4.074275316568109839e-05 1.316409861227760486e-03 1.317318364244902083e-03 1.334019302605817664e-03 -7.197503792191335919e-05 1.364966050337362976e-03 1.400302838186500646e-03 1.431229348417360509e-03 1.372766340310929267e-03 1.322959798955623519e-03 1.372653094312014732e-03 1.460891828465254484e-03 1.364305340057719515e-03 1.369187149267574437e-03 1.352507485608445571e-03 5.568640254047343193e-04 1.570438038847137485e-03 1.105622686851165340e-05 2.304251737603955560e-03 -1.402346267486812492e-03 1.487704521467746437e-03 -1.333133326582165842e-03 -4.714612181138556207e-02 1.402656420306300569e-03 1.429588297794685912e-03 1.129410584813587927e-03 9.534285838570417829e-07 1.408581711645021453e-03 1.674740131817675234e-06 1.385921413487062326e-03 7.604961998272938631e-04
2.212718041153198653e-04 -1.815734475629039924e-05 -1.380859756512163583e-03 -1.796281738483916212e-03 -1.329627597081877539e-03 7.936512881956686723e-05 -1.660926965315471290e-03 -1.396869273308161494e-03 -1.425518280269283010e-03 -1.434434895462083663e-03 -1.615111211951474404e-03 -1.624437372860176171e-03 -2.272801511709761878e-03 -1.421775877665004163e-03 -1.599735654299702658e-03 -1.324544576752555635e-03 -5.288548157528082279e-04 -1.580840375577989088e-03 -2.961894738214985157e-06 -1.402346267486812492e-03 2.275380697337925709e-03 -1.706261772318787631e-03 1.316464642416615392e-03 7.681871367016747387e-02 -1.510691616194939461e-03 -1.478064763668745715e-03 -1.086840234193617132e-03 1.916183526830623989e-07 -1.416444624588305331e-03 2.820419019490850287e-06 -1.598731134661087339e-03 -7.063958740032012622e-04
-4.570152472667851867e-05 1.977734257350121025e-05 1.491080431871374913e-03 1.596293649602390473e-03 1.403997699309173647e-03 -8.751804235817908242e-05 1.550679484663685824e-03 1.336950064879810886e-03 1.313292155901919387e-03 1.393015708286670902e-03 1.455625344114438655e-03 1.445144368043069097e-03 1.625691117867769870e-03 1.454353324420881895e-03 1.426845654964871988e-03 1.371660738825871599e-03 5.228827735852038285e-04 1.459138333945454421e-03 4.686484245479843597e-06 1.487704521467746437e-03 -1.706261772318787631e-03 5.346584909752583742e-03 -1.344157541629165250e-03 -5.733219540279079623e-02 1.517646817002361263e-03 1.538215178239742522e-03 1.112066198381827988e-03 1.620465784925673138e-06 1.432468983916504370e-03 3.497709517161647654e-07 1.443756233846532015e-03 7.807344068238422424e-04
7.056709941403029951e-04 1.659504827951497740e-04 -1.239206852141234386e-03 -1.389430644703772014e-03 -1.206948634124477109e-03 8.971588538483885709e-06 -1.315890399413131157e-03 -1.303914485581523326e-03 -1.257992083274237210e-03 -1.522217663503309991e-03 -1.369249414501847893e-03 -1.400342402968445454e-03 -1.398722583988841906e-03 -1.357054884930716711e-03 -1.186530211173725084e-03 -1.376183723259222268e-03 -5.217530020531730784e-04 -1.343825733031848426e-03 4.366014087975141262e-05 -1.333133326582165842e-03 1.316464642416615392e-03 -1.344157541629165250e-03 1.377845053573065843e-03 4.420847397095838127e-02 -1.298217144144240545e-03 -1.320258086862316537e-03 -1.099394815170789443e-03 -1.179308135275811134e-06 -1.349996325180773593e-03 3.666937949752541244e-06 -1.206698256524216337e-03 -6.717146642138161232e-04
7.153375586962565369e-03 -9.037518818367605697e-04 -4.619145636155766455e-02 -6.045633731551137979e-02 -4.487081234352203324e-02 2.707090179921492739e-03 -5.612466821840462333e-02 -4.718491647179481191e-02 -4.802691716299638258e-02 -4.827238349366037851e-02 -5.445731689620091076e-02 -5.492019028686311727e-02 -7.621783579243740503e-02 -4.804012692884145758e-02 -5.493441293554684329e-02 -4.451568058277480949e-02 -1.800547827086795838e-02 -5.275655887015278517e-02 -1.785287148699878134e-04 -4.714612181138556207e-02 7.681871367016747387e-02 -5.733219540279079623e-02 4.420847397095838127e-02 2.681774789771088408e+00 -5.060607819092677317e-02 -4.980323915335641005e-02 -3.654137399316871593e-02 5.257027948106824007e-04 -4.770785890483787012e-02 7.056486585177998774e-05 -5.357867440959039607e-02 -2.352663277116548088e-02
2.350148867725724360e-05 -4.019142157790328874e-06 1.377684290022288633e-03 1.550755635892881552e-03 1.331003781263908258e-03 -8.225827061808940407e-05 1.484626323704561811e-03 1.326773170579161965e-03 1.304006834531537106e-03 1.326997902726965994e-03 1.330015336940833237e-03 1.364428927737850947e-03 1.482565228086990625e-03 1.323830564562685679e-03 1.463639859214782091e-03 1.312196099622581300e-03 5.264914577772253313e-04 1.404743216437829862e-03 -6.540597773769730786e-07 1.402656420306300569e-03 -1.510691616194939461e-03 1.517646817002361263e-03 -1.298217144144240545e-03 -5.060607819092677317e-02 3.775370360271166747e-03 1.403264622373022680e-03 1.088320002453010710e-03 2.198203874500268512e-06 1.387547797935487692e-03 -9.471939738411119347e-07 1.464450827358231792e-03 7.498904420662273924e-04
-8.723576409637662579e-05 2.838852730808065673e-05 1.340047855032860946e-03 1.427950108403992259e-03 1.327975596664874745e-03 -8.952350860754453856e-05 1.386919579764411088e-03 1.347488580623383558e-03 1.391291085306277896e-03 1.369597380815166035e-03 1.476998718053619585e-03 1.312909059338542017e-03 1.492112928460568493e-03 1.342941175319802786e-03 1.305028048863708396e-03 1.342382324464014938e-03 5.299438661245502863e-04 1.485271932334633138e-03 2.201662907015689425e-06 1.429588297794685695e-03 -1.478064763668745065e-03 1.538215178239742522e-03 -1.320258086862316320e-03 -4.980323915335641005e-02 1.403264622373022680e-03 2.932911048630097630e-03 1.130414575629729371e-03 4.199336228936379561e-07 1.407488473507251996e-03 -8.144307244610067556e-06 1.382885497679649158e-03 7.348701395321486285e-04
-3.111766353529071979e-04 3.707608404613092393e-05 1.054727863636834018e-03 1.117692057188111225e-03 1.032904847845723820e-03 -4.280920555478496116e-05 1.093801443689833286e-03 1.133015162511591010e-03 1.056542057562498112e-03 1.211077191525919330e-03 1.100900716658718406e-03 1.131392025345255353e-03 1.138045922663538960e-03 1.095286133052513671e-03 1.014915479741236451e-03 1.108594520977077089e-03 4.261488060761928817e-04 1.166060310820606462e-03 8.409078875309033418e-06 1.129410584813587927e-03 -1.086840234193617132e-03 1.112066198381828205e-03 -1.099394815170789659e-03 -3.654137399316870899e-02 1.088320002453010710e-03 1.130414575629729371e-03 1.453371602050840131e-03 6.896237398423415109e-07 1.145878311753284777e-03 -8.835989592700908879e-07 1.078239478175310479e-03 5.797415855628297154e-04
-1.914785369005713282e-06 -1.773503193943639471e-06 2.483111469948697217e-06 1.237206368471558918e-06 6.653278003727723538e-09 1.288470256287598098e-07 -3.131439801064930535e-07 -5.005983443805376488e-07 4.879609735432850455e-07 7.424758103308027980e-07 2.911623785521307156e-07 -7.568798502105501267e-07 2.685101787353225180e-06 -3.853079374348420268e-07 -5.812304689895698156e-06 9.608223187185795948e-07 -1.066505793573515233e-06 3.683640799304041268e-06 -4.836779121934428931e-07 9.534285838570424182e-07 1.916183526830621342e-07 1.620465784925673773e-06 -1.179308135275810075e-06 5.257027948106824007e-04 2.198203874500268512e-06 4.199336228936379561e-07 6.896237398423415109e-07 3.076158639315142285e-06 3.990647675825604178e-07 -1.675433547899041158e-07 2.175419900867694346e-06 1.835809175579787485e-06
-2.931065279082867552e-04 -1.495167718512622323e-05 1.365175738285656073e-03 1.373248721786857586e-03 1.303399435785501442e-03 -8.649105648388703490e-05 1.349033224803518598e-03 1.352896101007371003e-03 1.364999114889057022e-03 1.432563622732753797e-03 1.363348664908357443e-03 1.406113377959136712e-03 1.578908172309388073e-03 1.386548658343611648e-03 1.347016162027747047e-03 1.365656323435329549e-03 5.333420781116820705e-04 1.447609361355215807e-03 -3.815788893871777538e-06 1.408581711645021019e-03 -1.416444624588304897e-03 1.432468983916504370e-03 -1.349996325180773810e-03 -4.770785890483788400e-02 1.387547797935487692e-03 1.407488473507251996e-03 1.145878311753284777e-03 3.990647675825604178e-07 2.340354465211537914e-03 -3.291577379795604666e-06 1.327919894144791732e-03 7.146851260058843889e-04
-3.021490588614954762e-06 -9.536555218748240387e-06 -2.315448094400179941e-06 -2.859946286395725968e-07 -1.790228431229767358e-06 1.018321637009500158e-05 1.501420390286179815e-06 -4.017055055573089107e-06 1.033300227420132067e-05 -2.554774176218651292e-07 2.436772481549295071e-06 -1.696570823027672274e-06 1.888736576249675422e-05 -5.973956507143984366e-06 -2.420787567159346122e-05 -2.526696896081712478e-06 -2.279554091353669043e-06 5.223417682494072617e-08 5.655258605442547147e-06 1.674740131817675234e-06 2.820419019490848593e-06 3.497709517161666183e-07 3.666937949752548020e-06 7.056486585177997419e-05 -9.471939738411119347e-07 -8.144307244610067556e-06 -8.835989592700908879e-07 -1.675433547899041158e-07 -3.291577379795604666e-06 2.591754193695608856e-05 -2.174421960601322163e-06 5.579878896813662211e-07
7.031142151127655086e-04 1.259920978895784783e-04 1.437822328357799126e-03 1.617717002957690803e-03 1.408973080359453246e-03 -9.065945094377516006e-05 1.451596653122623568e-03 1.269632822194428782e-03 1.421364128894585807e-03 1.088159172575600296e-03 1.302763282011298613e-03 1.259174803927673838e-03 1.558484006205296864e-03 1.252817449339538487e-03 1.468880086735635483e-03 1.207871874130916857e-03 5.682458235696163582e-04 1.552134878476433026e-03 3.010510813484924036e-05 1.385921413487062543e-03 -1.598731134661087339e-03 1.443756233846531798e-03 -1.206698256524215904e-03 -5.357867440959038913e-02 1.464450827358231792e-03 1.382885497679649158e-03 1.078239478175310479e-03 2.175419900867694346e-06 1.327919894144791732e-03 -2.174421960601322163e-06 5.257429414577435844e-03 7.797739502926579217e-04
5.846899869098722913e-04 -4.068099658197672385e-06 7.403015499701736356e-04 6.015134082155775778e-04 7.490182373721702633e-04 2.123616896885341973e-05 7.132764062240007190e-04 6.964314789267476123e-04 7.850323561602453541e-04 5.393653848700923764e-04 6.709482179858449651e-04 6.407540925832660300e-04 7.895575610009645173e-04 6.553894081327541919e-04 7.408148249828160146e-04 6.869953621619289503e-04 -2.018361483419143512e-04 8.498453828405565713e-04 3.300227858410977121e-07 7.604961998272936462e-04 -7.063958740032012622e-04 7.807344068238422424e-04 -6.717146642138160147e-04 -2.352663277116547741e-02 7.498904420662273924e-04 7.348701395321486285e-04 5.797415855628297154e-04 1.835809175579787485e-06 7.146851260058843889e-04 5.579878896813662211e-07 7.797739502926579217e-04 1.030513895387622381e-03
