# mu_n3370 mu_n4038 mu_n3447 mu_n3021 b_l M_ceph mu_n1309 mu_n1365 mu_m101 mu_n4639 mu_n3972 mu_n4424 mu_n2442 mu_n5917 mu_m31 CZ dz mu_n3982 mu_n1448 CP M_sne mu_n1015 b H0 mu_u9391 C0 mu_n4536 mu_n4258 a_B mu_n5584 mu_n7250 mu_lmc gamma
3.081297663120221696e-03 1.785985928208299418e-03 1.726102520631376744e-03 1.506493495528111841e-03 5.145401901830934659e-05 -1.402186315682165665e-03 1.804395606240335147e-03 1.656643396543546008e-03 1.475585098782680347e-03 1.808610957197514168e-03 1.589288039273509473e-03 1.644695370364794226e-03 1.530729374190355555e-03 1.490579676227082699e-03 1.396702529129795851e-03 -3.554665613258539366e-04 4.647856145328883382e-04 1.623064157986698827e-03 1.732024727453323684e-03 -7.120354915181212026e-05 -1.726831062776011888e-03 1.728354162310127232e-03 -4.990262726836876576e-04 -5.723217942553751603e-02 1.789821615713287246e-03 -1.147250879801530127e-04 1.843836237378634934e-03 1.092112276994474350e-03 6.617634690664085496e-07 1.697229525862894431e-03 1.680593883005662703e-03 9.820718812650409187e-04 7.077141364556200720e-05
1.785985928208299418e-03 1.166263917538245577e-02 1.890220443483865264e-03 2.252525517904248147e-03 1.144241946738369881e-04 -1.706861296322379450e-03 2.146238334331354233e-03 1.848165730392994921e-03 1.988471443033307858e-03 2.512356323847183756e-03 1.912000747077159104e-03 2.360163944775083879e-03 1.730329684672583888e-03 1.894797548784368357e-03 1.713822808705645680e-03 -2.393739304109273388e-04 5.116562354953980117e-04 2.187344047793465720e-03 1.774959908867398658e-03 5.290430620352005271e-05 -2.558391853523489436e-03 1.598984988845985689e-03 -3.512628983476529117e-04 -8.549209529177700939e-02 2.078788288789186391e-03 -4.549644527393516133e-05 2.250549128769380267e-03 1.259999800726646158e-03 -2.787055396792269248e-06 1.880492809690105212e-03 1.993609582240678333e-03 1.056658024412136191e-03 -7.072835150410396133e-04
1.726102520631376744e-03 1.890220443483865264e-03 2.414152576962436732e-03 1.636640854075132418e-03 3.862389887140534029e-05 -1.474886968619630589e-03 1.776581726188123040e-03 1.751946397995542007e-03 1.471412063745819020e-03 1.726304726916897889e-03 1.599486486577796074e-03 1.666492800276664485e-03 1.477890530204333495e-03 1.551068851559330060e-03 1.488478750053264616e-03 -2.949834638143808007e-04 5.067681396945852151e-04 1.689717662740157110e-03 1.715774936456193394e-03 -1.252332039489776185e-05 -1.666864651949036963e-03 1.760508833461452453e-03 -3.557709060178382179e-04 -5.535459165716836299e-02 1.779606483469488602e-03 -7.620946623909813920e-05 1.852220366275568594e-03 1.162537693809068736e-03 4.474280851364632202e-07 1.699062560207467969e-03 1.872774636654640692e-03 1.053330602321594402e-03 2.745947164309044228e-04
1.506493495528111841e-03 2.252525517904248147e-03 1.636640854075132418e-03 7.266149108910037631e-03 -4.893387946165719333e-05 -1.525231011855567032e-03 1.834623638499654910e-03 1.622408875575854104e-03 1.649836488798549390e-03 1.728795465041985373e-03 1.485615354589198958e-03 1.304768741797697473e-03 1.749948257522162751e-03 1.692856076833320700e-03 1.563320561393088037e-03 2.109977084077409553e-04 5.077964833238167615e-04 1.426046941829910760e-03 1.520442093753493354e-03 2.733169018272756037e-06 -1.927840282929967975e-03 1.829324932727356733e-03 -1.241709331712760362e-04 -6.363310446688531796e-02 1.544351714133443149e-03 4.621332899365028138e-05 1.689889646358443956e-03 1.038374084363198613e-03 2.127240200710937907e-06 1.579884262733599783e-03 1.780497123807897337e-03 8.657710913339685885e-04 -5.050906036217937475e-04
5.145401901830934659e-05 1.144241946738369881e-04 3.862389887140534029e-05 -4.893387946165719333e-05 3.650440701843180166e-04 9.622300391031914774e-05 8.613780154278116892e-05 6.512817963624559503e-06 -1.565033576066987179e-05 7.481030577440873333e-05 -5.077242969079556658e-05 1.009056418696982450e-04 5.892363607397019254e-05 2.709104132877639495e-05 -2.557249100123933278e-05 -7.346639604623061873e-05 -2.516269128439285453e-05 5.710909451674636321e-05 3.169575115110546851e-05 5.195232576547521679e-05 -2.923230251491787122e-05 1.019427521560725946e-04 -2.186143406117836555e-04 -6.006978757892214972e-04 -2.110955335765143989e-06 -2.127095466037962110e-06 6.993451812662363485e-05 3.763785167318054635e-05 2.207533690417096877e-06 4.215500819497238226e-05 5.069467963287173579e-05 4.937926393233124753e-05 -2.112639797511012258e-05
-1.402186315682165665e-03 -1.706861296322379450e-03 -1.474886968619630589e-03 -1.525231011855567032e-03 9.622300391031914774e-05 1.647904843977186697e-03 -1.494477793530237528e-03 -1.402758775471626626e-03 -1.755000834999944021e-03 -1.619851180892755912e-03 -1.574584647219845392e-03 -1.292165308241507689e-03 -1.288189378959923252e-03 -1.140208311106480181e-03 -1.619033263454989786e-03 3.032678492420401027e-04 -4.772786460467920520e-04 -1.249892144026422142e-03 -1.463794223769335125e-03 -1.289441871832312621e-06 1.433245434244761769e-03 -1.435333529758541947e-03 -9.066283684596250145e-05 4.806249262598857180e-02 -1.471865299421237522e-03 7.732987091143920242e-05 -1.573967764503203699e-03 -1.097671781354630453e-03 2.393452920136088482e-06 -1.437460782661567280e-03 -1.448636904755291627e-03 -8.876264160694463407e-04 9.603086146673851277e-04
1.804395606240335147e-03 2.146238334331354233e-03 1.776581726188123040e-03 1.834623638499654910e-03 8.613780154278116892e-05 -1.494477793530237528e-03 3.877511854190497567e-03 1.597934833557523642e-03 1.586836423868702179e-03 1.815668212266316386e-03 1.700883995199828835e-03 1.729833058757565068e-03 1.543037034428272223e-03 1.400257370782209644e-03 1.482453542749605571e-03 -4.873639542568586336e-04 5.032465800278556603e-04 1.673362306247301026e-03 1.729789934490725059e-03 1.929925254818861248e-05 -1.821572112330019887e-03 1.745402675651508547e-03 -4.552486376517274292e-04 -6.072135327566363650e-02 1.800002877895728751e-03 -1.165616740199144506e-04 1.914957290365423229e-03 1.178389906041831144e-03 -4.575033932740438915e-07 1.791482924663986278e-03 2.037766475617558241e-03 9.763224748680357978e-04 -2.390554839738313962e-04
1.656643396543546008e-03 1.848165730392994921e-03 1.751946397995542007e-03 1.622408875575854104e-03 6.512817963624559503e-06 -1.402758775471626626e-03 1.597934833557523642e-03 4.024090134734201359e-03 1.375868914534071879e-03 1.677450670440803170e-03 1.622755843533440177e-03 1.502755228857158851e-03 1.601787581125771335e-03 1.521878926366157340e-03 1.403953810124331869e-03 -3.982801782020013205e-04 4.646963757971904149e-04 1.661863721844335142e-03 1.753285497546537217e-03 -9.165463698578638345e-05 -1.735499632093811260e-03 2.025565561871770035e-03 -3.970473820429638694e-04 -5.712481604774728022e-02 1.916258470921864765e-03 -1.323302575136308908e-04 1.902924142571547732e-03 1.144374138132949175e-03 3.417369625157442167e-06 1.626450632630242017e-03 1.852899543201494501e-03 1.043341602647834560e-03 4.037034422550369477e-04
1.475585098782680347e-03 1.988471443033307858e-03 1.471412063745819020e-03 1.649836488798549390e-03 -1.565033576066987179e-05 -1.755000834999944021e-03 1.586836423868702179e-03 1.375868914534071879e-03 2.839335977357394791e-03 1.877212721292324544e-03 1.788540819880854536e-03 1.386066158914490108e-03 1.522572365569171537e-03 1.041013579494331131e-03 1.759615189829173828e-03 -2.215718798186446664e-04 4.076197145481884289e-04 1.137237219437994178e-03 1.551916475165782128e-03 9.576677536473170364e-06 -1.606448017612905396e-03 1.368912288953206321e-03 -1.192433907422137552e-04 -5.377603594815245219e-02 1.545788756253994520e-03 -5.766630122999211503e-05 1.552768017993484684e-03 1.224020771123171319e-03 -2.255718155380026158e-06 1.535396218942496147e-03 1.466365704182178570e-03 7.543408461349850394e-04 -2.327013265737119981e-03
1.808610957197514168e-03 2.512356323847183756e-03 1.726304726916897889e-03 1.728795465041985373e-03 7.481030577440873333e-05 -1.619851180892755912e-03 1.815668212266316386e-03 1.677450670440803170e-03 1.877212721292324544e-03 5.329337610002911861e-03 2.012020114334426690e-03 1.985212130420176482e-03 1.756447128188909097e-03 1.565496192550848084e-03 1.651349806312527035e-03 -3.867978234971148764e-04 3.615795083205644079e-04 1.480843840868921284e-03 1.775631357623942566e-03 -1.940148326265139558e-05 -2.025009625037938864e-03 1.948848038726803652e-03 -4.446557862102104510e-04 -6.692698965588322890e-02 2.001484508214054162e-03 -1.069640254681619636e-04 1.872267365532471637e-03 1.323822394480048126e-03 1.887884842009540797e-06 1.834175350381563128e-03 1.952389884782120954e-03 1.074670634302544526e-03 -8.672857329165854692e-04
1.589288039273509473e-03 1.912000747077159104e-03 1.599486486577796074e-03 1.485615354589198958e-03 -5.077242969079556658e-05 -1.574584647219845392e-03 1.700883995199828835e-03 1.622755843533440177e-03 1.788540819880854536e-03 2.012020114334426690e-03 6.919285071195455626e-03 1.470564123059992694e-03 1.772193296197450280e-03 1.650668021013268266e-03 1.564956450214514050e-03 -4.830237433561358285e-04 4.539091808919466114e-04 1.597390872448985200e-03 1.629433182627666689e-03 -1.204557154360594870e-04 -1.948914914529666347e-03 1.929993358013281420e-03 -3.361891821747342579e-04 -6.510684090829066406e-02 1.744773359307697771e-03 -1.655552622829070729e-04 1.872434315725269140e-03 1.226560011234773548e-03 -1.531242896829237012e-06 1.566337439248418348e-03 1.625872153029905582e-03 8.710720907006724205e-04 -9.666145771324220108e-04
1.644695370364794226e-03 2.360163944775083879e-03 1.666492800276664485e-03 1.304768741797697473e-03 1.009056418696982450e-04 -1.292165308241507689e-03 1.729833058757565068e-03 1.502755228857158851e-03 1.386066158914490108e-03 1.985212130420176482e-03 1.470564123059992694e-03 1.187666226257339322e-02 1.717742634022943922e-03 1.010908418186673690e-03 1.258134050715967178e-03 -1.679066774127661280e-04 3.507048387480684172e-04 1.504591818833175528e-03 1.656480116290656680e-03 2.700044565859347290e-05 -2.076429745192322207e-03 1.657952613632703758e-03 -2.888620243453149622e-04 -7.067461503163738334e-02 1.779399010442417632e-03 -3.590624444894438804e-05 1.424641576729305734e-03 8.490459959197596248e-04 -1.021863583898601715e-05 1.642889628565052463e-03 1.940584581535251350e-03 9.834914760550234926e-04 5.170591356673424563e-05
1.530729374190355555e-03 1.730329684672583888e-03 1.477890530204333495e-03 1.749948257522162751e-03 5.892363607397019254e-05 -1.288189378959923252e-03 1.543037034428272223e-03 1.601787581125771335e-03 1.522572365569171537e-03 1.756447128188909097e-03 1.772193296197450280e-03 1.717742634022943922e-03 1.172412619714609944e-02 1.603624936416211174e-03 1.361464609568072181e-03 1.884317231468056464e-04 3.333452494046851918e-04 1.431633396966794586e-03 1.387633000881346307e-03 -1.713001850595931817e-05 -1.852834071023237456e-03 1.634578084630766833e-03 -3.966923118328496652e-04 -6.176585959380729435e-02 1.561965157232696926e-03 4.442548670186318083e-05 1.631566531310048350e-03 9.183526392118595422e-04 -2.285206463605037322e-06 1.552505956231706912e-03 1.767938906981373183e-03 7.479943868540937704e-04 -8.750711127288837883e-04
1.490579676227082699e-03 1.894797548784368357e-03 1.551068851559330060e-03 1.692856076833320700e-03 2.709104132877639495e-05 -1.140208311106480181e-03 1.400257370782209644e-03 1.521878926366157340e-03 1.041013579494331131e-03 1.565496192550848084e-03 1.650668021013268266e-03 1.010908418186673690e-03 1.603624936416211174e-03 7.065904349488318949e-03 1.140617011251341458e-03 -1.319675155141683326e-04 4.063343485497832226e-04 1.469383394273710355e-03 1.255976049959762033e-03 3.754884835903832839e-06 -1.713566233517721136e-03 1.669115121275532030e-03 -2.625647598158006792e-04 -5.792298548088182369e-02 1.690556023905847747e-03 -2.718212837564101789e-05 1.580404271902033754e-03 8.955740238064092106e-04 -6.108832713968220747e-06 1.413399706325414468e-03 1.634117912049646779e-03 8.998324295748833012e-04 5.953800512766187561e-04
1.396702529129795851e-03 1.713822808705645680e-03 1.488478750053264616e-03 1.563320561393088037e-03 -2.557249100123933278e-05 -1.619033263454989786e-03 1.482453542749605571e-03 1.403953810124331869e-03 1.759615189829173828e-03 1.651349806312527035e-03 1.564956450214514050e-03 1.258134050715967178e-03 1.361464609568072181e-03 1.140617011251341458e-03 1.783970876767950299e-03 -2.194089102429324712e-04 4.749151291178509214e-04 1.245577569184013822e-03 1.452715700680918274e-03 2.238334117537731636e-05 -1.446949675023082461e-03 1.429334195572426729e-03 5.196797705768467664e-05 -4.849308873260561176e-02 1.437239813150934919e-03 -4.998232656143647196e-05 1.629189232052666433e-03 1.103386458315517953e-03 -2.282688988845211028e-06 1.460386004660215288e-03 1.462818880633619907e-03 8.954290831189783834e-04 -9.131283216622661887e-04
-3.554665613258539366e-04 -2.393739304109273388e-04 -2.949834638143807464e-04 2.109977084077410366e-04 -7.346639604623061873e-05 3.032678492420400485e-04 -4.873639542568586336e-04 -3.982801782020013205e-04 -2.215718798186446664e-04 -3.867978234971148764e-04 -4.830237433561358285e-04 -1.679066774127661280e-04 1.884317231468056464e-04 -1.319675155141683326e-04 -2.194089102429324712e-04 1.538843782636608107e-03 7.055839136189927935e-05 -1.835312291153649335e-04 -3.913043410308991374e-04 -2.239492495439320474e-05 2.443345436901601356e-04 -5.321118977975039174e-04 2.198035286929582509e-04 7.979109132792655198e-03 -4.904962539315268349e-04 3.723873677156316637e-04 -4.019398971969709885e-04 -2.922905013640297281e-04 -1.562491290975440209e-06 -2.433344218799256319e-04 -2.838579047413894896e-04 -2.833920101291839363e-04 5.010459664324324377e-04
4.647856145328883382e-04 5.116562354953979033e-04 5.067681396945853236e-04 5.077964833238167615e-04 -2.516269128439285453e-05 -4.772786460467920520e-04 5.032465800278554434e-04 4.646963757971904149e-04 4.076197145481884289e-04 3.615795083205643537e-04 4.539091808919466114e-04 3.507048387480683088e-04 3.333452494046851918e-04 4.063343485497832226e-04 4.749151291178509214e-04 7.055839136189927935e-05 6.777046397334433045e-04 4.875498099710418877e-04 4.420725404648321276e-04 3.196579979124312597e-06 -4.351631351951344598e-04 5.454435688040701986e-04 7.687905860748184403e-05 -1.451859382800372786e-02 4.249879421076145657e-04 1.818183585383967527e-05 5.391950542418938713e-04 3.004713026738918807e-04 -3.629260303485472085e-07 4.518946950863038294e-04 5.061232126265646086e-04 -1.423768699836807110e-04 2.658650922386198486e-04
1.623064157986698827e-03 2.187344047793465720e-03 1.689717662740157110e-03 1.426046941829910760e-03 5.710909451674636321e-05 -1.249892144026422142e-03 1.673362306247301026e-03 1.661863721844335142e-03 1.137237219437994178e-03 1.480843840868921284e-03 1.597390872448985200e-03 1.504591818833175528e-03 1.431633396966794586e-03 1.469383394273710355e-03 1.245577569184013822e-03 -1.835312291153649335e-04 4.875498099710418877e-04 5.061650972246316445e-03 1.591923142382602532e-03 2.197507874470898761e-05 -1.811141086853711342e-03 1.935111315628209759e-03 -2.947156123227922695e-04 -6.133988523197633769e-02 1.764418678752551796e-03 -3.366270388964238432e-05 1.771475493824802450e-03 1.027796439465092446e-03 -6.761810677284144697e-06 1.530082014122225841e-03 2.154539050611563571e-03 1.050377400820856665e-03 1.025531181292978124e-03
1.732024727453323684e-03 1.774959908867398658e-03 1.715774936456193394e-03 1.520442093753493354e-03 3.169575115110546851e-05 -1.463794223769335125e-03 1.729789934490725059e-03 1.753285497546537217e-03 1.551916475165782128e-03 1.775631357623942566e-03 1.629433182627666689e-03 1.656480116290656680e-03 1.387633000881346307e-03 1.255976049959762033e-03 1.452715700680918274e-03 -3.913043410308989748e-04 4.420725404648321276e-04 1.591923142382602532e-03 2.690245309246556710e-03 -1.539098648538114164e-05 -1.645632264098151288e-03 1.743939833656260900e-03 -3.725626701676365018e-04 -5.456932115611226597e-02 1.768021943590199294e-03 -1.014818074285596270e-04 1.785850899753411384e-03 1.148984210607064370e-03 9.153317708776810276e-07 1.633074261487758947e-03 1.953017185834774253e-03 1.029972573535360572e-03 -2.659719880041713403e-05
-7.120354915181212026e-05 5.290430620352005271e-05 -1.252332039489776185e-05 2.733169018272756037e-06 5.195232576547521679e-05 -1.289441871832312621e-06 1.929925254818861248e-05 -9.165463698578638345e-05 9.576677536473170364e-06 -1.940148326265139558e-05 -1.204557154360594870e-04 2.700044565859347290e-05 -1.713001850595931817e-05 3.754884835903834957e-06 2.238334117537731636e-05 -2.239492495439320474e-05 3.196579979124313444e-06 2.197507874470898761e-05 -1.539098648538114164e-05 1.661395708992554037e-04 2.490426362875346495e-05 -5.438049612714464075e-05 8.891163765015638019e-05 1.058957665750398297e-03 -2.674965573862476392e-05 5.068221983190243770e-05 -1.264335807293553549e-05 2.041103657412523701e-05 1.436866908941821845e-06 1.608551313131512068e-05 -3.078948541188393251e-05 2.449491076251707948e-06 -5.040369191847351727e-05
-1.726831062776011888e-03 -2.558391853523489436e-03 -1.666864651949036963e-03 -1.927840282929967975e-03 -2.923230251491787122e-05 1.433245434244761769e-03 -1.821572112330019887e-03 -1.735499632093811260e-03 -1.606448017612905396e-03 -2.025009625037938864e-03 -1.948914914529666347e-03 -2.076429745192322207e-03 -1.852834071023237456e-03 -1.713566233517721136e-03 -1.446949675023082461e-03 2.443345436901601356e-04 -4.351631351951344598e-04 -1.811141086853711342e-03 -1.645632264098151288e-03 2.490426362875346495e-05 2.437366624200922559e-03 -1.933296610051843389e-03 3.287872385490948467e-04 8.129257099837985945e-02 -1.914704396865191463e-03 7.123396049812007267e-05 -1.802167493550829681e-03 -1.076414767711236743e-03 1.794419297464491416e-06 -1.656339842598972528e-03 -2.012212998961306672e-03 -9.496093648532125510e-04 2.396632356752338168e-04
1.728354162310127232e-03 1.598984988845985689e-03 1.760508833461452453e-03 1.829324932727356733e-03 1.019427521560725946e-04 -1.435333529758541947e-03 1.745402675651508547e-03 2.025565561871770035e-03 1.368912288953206321e-03 1.948848038726803652e-03 1.929993358013281420e-03 1.657952613632703758e-03 1.634578084630766833e-03 1.669115121275532030e-03 1.429334195572426729e-03 -5.321118977975039174e-04 5.454435688040701986e-04 1.935111315628209759e-03 1.743939833656260900e-03 -5.438049612714464075e-05 -1.933296610051843389e-03 6.828600215882150472e-03 -4.983691973676667233e-04 -6.396802072551759089e-02 1.766512440140547303e-03 -1.468231021148097722e-04 1.879983997201471789e-03 1.180428229131399911e-03 2.084005781843584233e-06 1.696980396134058558e-03 1.816094500398527604e-03 9.810949707079704481e-04 2.255750214226369605e-04
-4.990262726836876576e-04 -3.512628983476529117e-04 -3.557709060178382179e-04 -1.241709331712760362e-04 -2.186143406117836555e-04 -9.066283684596250145e-05 -4.552486376517274292e-04 -3.970473820429638694e-04 -1.192433907422137552e-04 -4.446557862102104510e-04 -3.361891821747342579e-04 -2.888620243453149622e-04 -3.966923118328496652e-04 -2.625647598158006792e-04 5.196797705768467664e-05 2.198035286929582509e-04 7.687905860748184403e-05 -2.947156123227922695e-04 -3.725626701676365018e-04 8.891163765015638019e-05 3.287872385490948467e-04 -4.983691973676667233e-04 8.184909407297776647e-04 1.039230091239918066e-02 -4.453295369948555424e-04 8.667640037446689197e-05 -4.160391016036396649e-04 -1.750009917024088570e-04 -3.098507406039806350e-06 -3.999222203889214516e-04 -4.552501894607335398e-04 -8.082693347604300656e-05 2.179283691860395931e-05
-5.723217942553751603e-02 -8.549209529177700939e-02 -5.535459165716836299e-02 -6.363310446688531796e-02 -6.006978757892214972e-04 4.806249262598857180e-02 -6.072135327566363650e-02 -5.712481604774728022e-02 -5.377603594815245219e-02 -6.692698965588322890e-02 -6.510684090829066406e-02 -7.067461503163738334e-02 -6.176585959380729435e-02 -5.792298548088182369e-02 -4.849308873260561176e-02 7.979109132792655198e-03 -1.451859382800372786e-02 -6.133988523197633769e-02 -5.456932115611226597e-02 1.058957665750398297e-03 8.129257099837985945e-02 -6.396802072551759089e-02 1.039230091239918066e-02 2.794170769024177492e+00 -6.374834921243625885e-02 2.398111479381973866e-03 -5.990747685224026564e-02 -3.566238238094154855e-02 5.527823322987397746e-04 -5.507729541402189150e-02 -6.696954192368402559e-02 -3.182260679798921965e-02 7.939111140390841745e-03
1.789821615713287030e-03 2.078788288789185958e-03 1.779606483469488602e-03 1.544351714133442932e-03 -2.110955335765130860e-06 -1.471865299421237522e-03 1.800002877895728751e-03 1.916258470921864765e-03 1.545788756253994086e-03 2.001484508214054596e-03 1.744773359307696904e-03 1.779399010442417632e-03 1.561965157232696709e-03 1.690556023905847964e-03 1.437239813150934919e-03 -4.904962539315265097e-04 4.249879421076147284e-04 1.764418678752551145e-03 1.768021943590199294e-03 -2.674965573862478086e-05 -1.914704396865191463e-03 1.766512440140547736e-03 -4.453295369948553797e-04 -6.374834921243625885e-02 4.631229824577983746e-03 -1.316570519976301091e-04 1.962009448748667367e-03 1.155253043407824393e-03 -7.992587795675966616e-07 1.766951036062870684e-03 1.796797875098984747e-03 1.089103479723902432e-03 1.126536285752453685e-04
-1.147250879801530127e-04 -4.549644527393523587e-05 -7.620946623909822051e-05 4.621332899365024073e-05 -2.127095466037971428e-06 7.732987091143921597e-05 -1.165616740199145319e-04 -1.323302575136308366e-04 -5.766630122999210825e-05 -1.069640254681618281e-04 -1.655552622829070729e-04 -3.590624444894440159e-05 4.442548670186320794e-05 -2.718212837564103145e-05 -4.998232656143643807e-05 3.723873677156317179e-04 1.818183585383967865e-05 -3.366270388964234366e-05 -1.014818074285596134e-04 5.068221983190244448e-05 7.123396049812007267e-05 -1.468231021148098535e-04 8.667640037446687842e-05 2.398111479381972132e-03 -1.316570519976301091e-04 1.125517905748993824e-04 -1.094005585546591519e-04 -6.455870087717282819e-05 1.875105435330771353e-08 -5.660549820519266751e-05 -8.541037767162229868e-05 -6.772682255852379839e-05 1.198481863445049529e-04
1.843836237378634717e-03 2.250549128769380267e-03 1.852220366275568594e-03 1.689889646358444389e-03 6.993451812662362130e-05 -1.573967764503203482e-03 1.914957290365422796e-03 1.902924142571547732e-03 1.552768017993484684e-03 1.872267365532471637e-03 1.872434315725268923e-03 1.424641576729305950e-03 1.631566531310048784e-03 1.580404271902034405e-03 1.629189232052667084e-03 -4.019398971969707175e-04 5.391950542418938713e-04 1.771475493824802884e-03 1.785850899753411384e-03 -1.264335807293553549e-05 -1.802167493550829681e-03 1.879983997201471139e-03 -4.160391016036396649e-04 -5.990747685224028646e-02 1.962009448748667367e-03 -1.094005585546591519e-04 3.692889067773735823e-03 1.220559153154098745e-03 -1.792055533661905178e-08 1.722000949139954789e-03 2.066233607269536091e-03 1.054489186523131393e-03 -5.331401190194925255e-05
1.092112276994474133e-03 1.259999800726645724e-03 1.162537693809068736e-03 1.038374084363198613e-03 3.763785167318053958e-05 -1.097671781354630236e-03 1.178389906041831360e-03 1.144374138132949392e-03 1.224020771123171102e-03 1.323822394480048343e-03 1.226560011234773548e-03 8.490459959197596248e-04 9.183526392118597590e-04 8.955740238064091021e-04 1.103386458315517953e-03 -2.922905013640299450e-04 3.004713026738918265e-04 1.027796439465092446e-03 1.148984210607064370e-03 2.041103657412523362e-05 -1.076414767711236960e-03 1.180428229131400128e-03 -1.750009917024087757e-04 -3.566238238094154855e-02 1.155253043407824393e-03 -6.455870087717282819e-05 1.220559153154098745e-03 1.667768578967478155e-03 8.343172811835195407e-07 1.086330727682355279e-03 1.174792211771458900e-03 6.933643680817814419e-04 -4.709774751266652525e-04
6.617634690664092907e-07 -2.787055396792270942e-06 4.474280851364605203e-07 2.127240200710937060e-06 2.207533690417097301e-06 2.393452920136088482e-06 -4.575033932740417739e-07 3.417369625157440896e-06 -2.255718155380025735e-06 1.887884842009542491e-06 -1.531242896829236800e-06 -1.021863583898601715e-05 -2.285206463605033934e-06 -6.108832713968217359e-06 -2.282688988845211028e-06 -1.562491290975440844e-06 -3.629260303485469438e-07 -6.761810677284147238e-06 9.153317708776825099e-07 1.436866908941820786e-06 1.794419297464491416e-06 2.084005781843586350e-06 -3.098507406039805926e-06 5.527823322987397746e-04 -7.992587795675966616e-07 1.875105435330771353e-08 -1.792055533661905178e-08 8.343172811835195407e-07 2.962326924164000232e-06 -5.274221593077845527e-08 2.300074967281072207e-07 -1.321609406857515830e-06 -3.853545672287791881e-09
1.697229525862894864e-03 1.880492809690105863e-03 1.699062560207467753e-03 1.579884262733599783e-03 4.215500819497232127e-05 -1.437460782661566846e-03 1.791482924663986495e-03 1.626450632630241800e-03 1.535396218942496147e-03 1.834175350381563128e-03 1.566337439248418348e-03 1.642889628565051812e-03 1.552505956231706912e-03 1.413399706325413818e-03 1.460386004660215072e-03 -2.433344218799253066e-04 4.518946950863037752e-04 1.530082014122226058e-03 1.633074261487759164e-03 1.608551313131512407e-05 -1.656339842598972094e-03 1.696980396134058341e-03 -3.999222203889215600e-04 -5.507729541402189150e-02 1.766951036062870684e-03 -5.660549820519268107e-05 1.722000949139954789e-03 1.086330727682355279e-03 -5.274221593077845527e-08 2.828892155163620619e-03 1.627646575906758217e-03 9.256666079911519008e-04 -3.387590435438173693e-04
1.680593883005662053e-03 1.993609582240678333e-03 1.872774636654640692e-03 1.780497123807896903e-03 5.069467963287174257e-05 -1.448636904755291844e-03 2.037766475617557808e-03 1.852899543201494284e-03 1.466365704182177919e-03 1.952389884782121604e-03 1.625872153029905799e-03 1.940584581535251133e-03 1.767938906981373183e-03 1.634117912049646995e-03 1.462818880633619690e-03 -2.838579047413893812e-04 5.061232126265646086e-04 2.154539050611564005e-03 1.953017185834774903e-03 -3.078948541188393251e-05 -2.012212998961306239e-03 1.816094500398526953e-03 -4.552501894607333230e-04 -6.696954192368401171e-02 1.796797875098984747e-03 -8.541037767162229868e-05 2.066233607269536091e-03 1.174792211771458900e-03 2.300074967281072207e-07 1.627646575906758217e-03 6.585405284155867144e-03 1.048487857814734683e-03 3.310817213115202755e-04
9.820718812650413524e-04 1.056658024412136191e-03 1.053330602321594402e-03 8.657710913339683716e-04 4.937926393233124753e-05 -8.876264160694466660e-04 9.763224748680359062e-04 1.043341602647834343e-03 7.543408461349850394e-04 1.074670634302544742e-03 8.710720907006724205e-04 9.834914760550239263e-04 7.479943868540937704e-04 8.998324295748834096e-04 8.954290831189784918e-04 -2.833920101291838279e-04 -1.423768699836806568e-04 1.050377400820856448e-03 1.029972573535360789e-03 2.449491076251711336e-06 -9.496093648532123342e-04 9.810949707079704481e-04 -8.082693347604302011e-05 -3.182260679798922659e-02 1.089103479723902432e-03 -6.772682255852381194e-05 1.054489186523131609e-03 6.933643680817814419e-04 -1.321609406857515830e-06 9.256666079911519008e-04 1.048487857814734683e-03 1.171736028716789191e-03 4.796292686920124041e-04
7.077141364556208852e-05 -7.072835150410397217e-04 2.745947164309043144e-04 -5.050906036217937475e-04 -2.112639797511007176e-05 9.603086146673853445e-04 -2.390554839738314775e-04 4.037034422550370562e-04 -2.327013265737119981e-03 -8.672857329165854692e-04 -9.666145771324221193e-04 5.170591356673430661e-05 -8.750711127288840051e-04 5.953800512766187561e-04 -9.131283216622654297e-04 5.010459664324322208e-04 2.658650922386199570e-04 1.025531181292978341e-03 -2.659719880041699512e-05 -5.040369191847349017e-05 2.396632356752338168e-04 2.255750214226370147e-04 2.179283691860387461e-05 7.939111140390846949e-03 1.126536285752453820e-04 1.198481863445049529e-04 -5.331401190194915091e-05 -4.709774751266652525e-04 -3.853545672290152655e-09 -3.387590435438172609e-04 3.310817213115202755e-04 4.796292686920125125e-04 6.826383953298582538e-03
