# mu_n3370 mu_n4038 mu_n3447 mu_n3021 b_l M_ceph E_max mu_n1309 mu_n1365 mu_m101 mu_n4639 mu_n3972 mu_n4424 mu_n2442 mu_n5917 mu_m31 CZ dz mu_n3982 mu_n1448 CP M_sne mu_n1015 b H0 mu_u9391 C0 mu_n4536 mu_n4258 a_B mu_n5584 mu_n7250 mu_lmc gamma
6.912756455024172790e-03 2.312762655591153738e-03 4.528136109912736344e-03 4.112627685877304380e-03 -1.545795687119267065e-03 -4.288985679590479744e-03 -1.320718750374146391e-02 -7.789056678672094365e-04 2.530242172035400069e-03 2.424998442091986107e-03 8.586457770507791932e-04 5.550779149606410202e-03 2.362561815611714886e-03 -5.823317163402081525e-03 3.299427763325054816e-03 5.278441022654045342e-03 9.443185431332028895e-03 7.872770405740475578e-04 -5.333964216642638357e-04 3.380695145455651831e-03 2.025244128621932324e-04 -2.547397478038063851e-03 1.176909030508903851e-03 1.453841242591625378e-03 -8.402587527231659970e-02 1.391767364084408373e-03 2.438449507549872008e-03 3.870434138542816396e-03 -2.483720962148667079e-04 4.390949669743113266e-05 3.862116070459247776e-04 8.137452065197229223e-04 1.793618962804289065e-03 2.053481076554087952e-03
2.312762655591153738e-03 6.780853453055355265e-03 1.972178188737933914e-03 3.412577568540354957e-03 -1.473896614955170483e-03 -9.882527246751152822e-04 -8.741656273902997931e-03 5.227651534709531903e-04 1.642991805916660126e-03 4.317968674334708343e-04 6.228327718542867866e-04 3.730328270818021857e-03 2.434542001876337236e-03 -6.925329277471353436e-04 4.063758950746381576e-03 2.228861670204566273e-03 6.513525386537614460e-03 -2.841675433261854123e-04 7.674895077576682646e-04 1.880024583798631504e-03 9.969813332838977141e-05 -1.588560391128987200e-03 4.440627841098259559e-03 2.176925277131884842e-04 -5.543306065721257531e-02 1.630213721743558079e-03 1.651335435140899527e-03 1.279455631281382075e-03 2.765619350658314428e-04 1.078218389203423060e-05 6.544415286184609255e-04 2.737765281558598995e-03 1.151706088548618966e-04 9.466036961374429005e-04
4.528136109912736344e-03 1.972178188737933914e-03 3.753128348667992588e-03 3.462484093591111905e-03 -1.462077482974892713e-03 -2.909349882827732669e-03 -1.035483548455684924e-02 -7.310030670206318091e-04 1.859038518197717298e-03 1.123926695049522846e-03 6.148425198671174461e-04 4.066366387548097858e-03 1.818761001879631335e-03 -4.995143063127416988e-03 2.879980874726295170e-03 3.914856477655722679e-03 8.024193661586043538e-03 4.363172171822138129e-04 -1.245829347060333544e-03 2.626782814918013527e-03 4.460843166758800380e-05 -1.846870803279196871e-03 1.512890846214643738e-03 1.099759355988162409e-03 -6.108008855472882304e-02 8.275012554443979653e-04 2.015738784599943167e-03 3.146509038750410891e-03 -1.916162167716540629e-05 3.108992855916467866e-05 2.208062688964214186e-04 6.364681529619216176e-04 1.221870432665538280e-03 1.992503335009191030e-03
4.112627685877304380e-03 3.412577568540354957e-03 3.462484093591111905e-03 7.464814699269513992e-03 -3.078957212130842194e-03 -2.564394254184506998e-03 -1.423504898174917342e-02 -2.241248378915232462e-03 2.730077596608717315e-03 4.031274145026095680e-04 1.097374869747585286e-03 4.671671720150818823e-03 -2.361440102968654731e-04 -3.425158214044690588e-03 5.075367089195642091e-03 3.425119571071920995e-03 1.252748789000376547e-02 2.993970870337493684e-04 7.041630087433162384e-04 2.887979510133655524e-03 1.217367466565901543e-04 -2.031307537816530451e-03 5.205124390572658626e-03 1.254793731544789296e-03 -6.346569144809086072e-02 -3.592469559876352274e-05 3.137277025144817599e-03 2.387076861327017650e-03 2.554369317091410439e-04 5.420854320331805368e-05 5.499208777704616405e-07 -1.726808374354405146e-03 2.634568729929739374e-04 1.895285056417045973e-03
-1.545795687119267065e-03 -1.473896614955170483e-03 -1.462077482974892713e-03 -3.078957212130842194e-03 1.983154209626828476e-03 1.339429325304955119e-03 6.665599079889221457e-03 2.037429934933415298e-03 -1.298072452610489176e-03 -2.625456791059031726e-04 -1.847943409937780610e-04 -1.950258160396076915e-03 1.117370483152326649e-03 1.240782685329186365e-03 -1.926143809073693845e-03 -1.873144159518875087e-03 -5.705469551029996277e-03 -1.900859042558965002e-05 6.367103439646933647e-05 -1.239066957302013090e-03 -6.264488280811811706e-05 5.503017981584075327e-04 -2.492946480879325733e-03 -8.967415280755381031e-04 1.708919206159217538e-02 2.184017620644802436e-04 -1.408320190353333154e-03 -6.150649282001063129e-04 -8.277829816166190407e-05 -1.478051003469845316e-05 -3.736988217734632414e-04 8.027514821557013092e-04 7.280380562253139398e-06 2.988498670342577151e-04
-4.288985679590479744e-03 -9.882527246751152822e-04 -2.909349882827732669e-03 -2.564394254184506998e-03 1.339429325304955119e-03 3.597125478775144158e-03 8.886135934898353045e-03 1.324318555727488226e-03 -1.882129828736945568e-03 -2.561856537112265630e-03 -9.803647391673443647e-04 -3.835448779685393054e-03 -7.189743030178637759e-04 3.773741821428625368e-03 -1.468368237989969589e-03 -4.402386713869549731e-03 -6.349623393316152636e-03 -6.450485963301409286e-04 -5.065923678658107611e-05 -2.161150135573143994e-03 -2.443832919718905475e-04 1.540745318889798080e-03 -5.123964686221761438e-04 -1.509661423919017110e-03 5.161901962107867670e-02 -4.119339310351373472e-04 -1.664557871616121612e-03 -2.378220607018973615e-03 5.765308070938559518e-04 -2.148940095341875868e-05 -1.010375879423801131e-03 -4.879367577827356073e-04 -1.136401284153987440e-03 9.010396047576937559e-04
-1.320718750374146391e-02 -8.741656273902997931e-03 -1.035483548455684924e-02 -1.423504898174917342e-02 6.665599079889221457e-03 8.886135934898353045e-03 3.840082195492262179e-02 5.160130236007463324e-03 -6.686479431225878303e-03 -3.249595361778792775e-03 -2.703151489530589667e-03 -1.428300441495784431e-02 -1.999476598168905498e-03 1.175382666504062347e-02 -1.143000156974519760e-02 -1.182390959676766010e-02 -3.127764032260190591e-02 -1.302450309668282038e-03 2.174462390111883605e-03 -7.888711430854924295e-03 -4.259816220328533124e-04 5.570312556438352866e-03 -8.538434550364144143e-03 -4.374864361604298597e-03 1.800740433281316222e-01 -1.511720501202459561e-03 -7.913849882853015230e-03 -6.783856356534702370e-03 1.700685879807546327e-04 -1.151784337825093708e-04 -1.878716398834329334e-04 1.884873245191162096e-04 -2.493773817436126510e-03 -5.794872216894268561e-03
-7.789056678672094365e-04 5.227651534709531903e-04 -7.310030670206318091e-04 -2.241248378915232462e-03 2.037429934933415298e-03 1.324318555727488226e-03 5.160130236007463324e-03 4.275738837596384026e-03 -9.793513705458681273e-04 -7.597034992111381939e-05 2.983506496343018254e-04 -1.063396711651818944e-03 2.829547408730630469e-03 6.357261799051906574e-04 -5.989106117468906898e-04 -1.363083249151749105e-03 -4.444054120714926136e-03 -1.287690983984602104e-04 9.456054045283746349e-04 -6.474824562767054429e-04 -1.000352151742074723e-04 -2.793406276372858857e-04 -8.007920370444651919e-04 -1.209719398212060707e-03 -1.294367502091441427e-02 1.255640990668746180e-03 -1.096949758893703145e-03 9.106768610473367498e-04 1.609390922617221593e-04 -1.509218582053759055e-05 -1.573183857543065500e-04 1.921653362996255613e-03 2.023867467905706363e-04 1.198622232002322183e-03
2.530242172035400069e-03 1.642991805916660126e-03 1.859038518197717298e-03 2.730077596608717315e-03 -1.298072452610489176e-03 -1.882129828736945568e-03 -6.686479431225878303e-03 -9.793513705458681273e-04 1.807441905414929788e-03 9.829870226267789762e-04 2.608237814246722359e-04 2.149520622730049201e-03 6.918305434978625954e-05 -1.982763476155450372e-03 1.817646725234930071e-03 2.343433772409667711e-03 5.050990175239768003e-03 2.764151060497660982e-04 4.664710944406547186e-04 1.518322120651422781e-03 1.434392084763042063e-04 -9.310992000425259577e-04 1.560347627992839277e-03 7.566413563226830107e-04 -3.076407177456325429e-02 2.420051284171790965e-04 1.299437892222471110e-03 1.263352335461513307e-03 -1.393722171321195148e-04 1.534365699428204906e-05 6.586321602550663026e-04 -1.645745359166273056e-04 3.242121492696686661e-04 -3.761610195372897198e-04
2.424998442091986107e-03 4.317968674334708343e-04 1.123926695049522846e-03 4.031274145026095680e-04 -2.625456791059031726e-04 -2.561856537112265630e-03 -3.249595361778792775e-03 -7.597034992111381939e-05 9.829870226267789762e-04 3.351277383045331293e-03 8.833994484927282969e-04 2.537317589319558302e-03 5.932441137770910885e-04 -1.511667459428131348e-03 -2.668686708907777941e-04 3.076075099025259944e-03 1.298088955641430332e-03 4.531219976699703061e-04 1.583035111905177830e-03 1.005748613092850244e-03 2.802541074702311909e-04 -1.000718087976084367e-03 -3.152063098117940617e-04 9.456426698515722241e-04 -3.647559599200069641e-02 9.183628509890648809e-06 4.258785202987202634e-04 1.210228042364842578e-03 -7.021997450012031202e-04 -2.902235970343947647e-06 1.800012949816543915e-03 1.642663349031281894e-03 7.164257730799327784e-04 -3.039849387422664112e-03
8.586457770507791932e-04 6.228327718542867866e-04 6.148425198671174461e-04 1.097374869747585286e-03 -1.847943409937780610e-04 -9.803647391673443647e-04 -2.703151489530589667e-03 2.983506496343018254e-04 2.608237814246722359e-04 8.833994484927282969e-04 1.823485856035358173e-03 1.823366244077447365e-03 5.373361980171041446e-04 -7.752592163058373217e-04 7.854201134598486110e-04 1.426720637707179842e-03 2.982899184082730189e-03 2.495850997674172313e-04 6.137201043704974867e-04 3.648501754055897433e-04 9.576884628477445839e-05 -8.148050893553826198e-04 7.581040794833488351e-04 5.017868855147633459e-04 -2.722326740751027097e-02 -1.962802810848332362e-04 7.917721086496073719e-04 8.865497911064016724e-04 -3.352955028026922166e-04 1.232572039729699493e-05 1.283688668588939806e-04 4.531850186006212251e-05 3.002404765033511117e-04 4.074904522124583466e-05
5.550779149606410202e-03 3.730328270818021857e-03 4.066366387548097858e-03 4.671671720150818823e-03 -1.950258160396076915e-03 -3.835448779685393054e-03 -1.428300441495784431e-02 -1.063396711651818944e-03 2.149520622730049201e-03 2.537317589319558302e-03 1.823366244077447365e-03 7.674094102250618790e-03 2.038936673298651081e-03 -4.494598612386518921e-03 4.565609131759834800e-03 5.436302928419130265e-03 1.098958455679199288e-02 4.650563172087391890e-04 -8.040522365522931401e-04 3.205341918888170421e-03 1.975542966534289669e-04 -2.880762483403324567e-03 2.821874535590436842e-03 1.620857876869693896e-03 -9.647493085286634740e-02 5.977810478027420450e-04 2.801128130669012454e-03 3.009640057730072950e-03 3.338518642890674244e-05 4.180914211474771679e-05 4.870699335821332258e-04 2.226675756472830132e-03 1.422300218312930924e-03 1.802725440296171298e-03
2.362561815611714886e-03 2.434542001876337236e-03 1.818761001879631335e-03 -2.361440102968654731e-04 1.117370483152326649e-03 -7.189743030178637759e-04 -1.999476598168905498e-03 2.829547408730630469e-03 6.918305434978625954e-05 5.932441137770910885e-04 5.373361980171041446e-04 2.038936673298651081e-03 5.692484182326280201e-03 -2.237392206883086990e-03 1.609961540876840526e-03 1.305172058281425101e-03 4.673680925669459313e-04 1.954365616963514289e-05 -7.576993918982622388e-04 1.198616673899258233e-03 -5.088039348228940215e-05 -1.603573670270042224e-03 -4.896563239757243833e-04 -5.276755949780328981e-04 -5.728218917484375478e-02 2.126520315703584168e-03 1.453153544767429894e-04 2.813973815925317756e-03 1.788216908225450979e-04 4.471533638371607469e-06 -4.437841021756269732e-04 3.439822078654906738e-03 1.227705664283538275e-03 2.507096159717993496e-03
-5.823317163402081525e-03 -6.925329277471353436e-04 -4.995143063127416988e-03 -3.425158214044690588e-03 1.240782685329186365e-03 3.773741821428625368e-03 1.175382666504062347e-02 6.357261799051906574e-04 -1.982763476155450372e-03 -1.511667459428131348e-03 -7.752592163058373217e-04 -4.494598612386518921e-03 -2.237392206883086990e-03 9.727477707884728264e-03 -1.648413405847891583e-03 -5.026452962353144052e-03 -9.669164815343803815e-03 -7.836555729757157737e-04 3.121196310433584347e-03 -3.227240586235108778e-03 6.756823884294618126e-05 1.987666799120096830e-03 -2.241379725796108810e-04 -1.584738058512106000e-03 6.397115065882118257e-02 4.548270989839158862e-04 -2.429613116692683900e-03 -4.340893959670544602e-03 4.367970994167436082e-04 -4.330659749108983634e-05 -7.290307065560956180e-04 -2.709060634389496886e-04 -1.798358425582671219e-03 -3.311248417051330679e-03
3.299427763325054816e-03 4.063758950746381576e-03 2.879980874726295170e-03 5.075367089195642091e-03 -1.926143809073693845e-03 -1.468368237989969589e-03 -1.143000156974519760e-02 -5.989106117468906898e-04 1.817646725234930071e-03 -2.668686708907777941e-04 7.854201134598486110e-04 4.565609131759834800e-03 1.609961540876840526e-03 -1.648413405847891583e-03 6.068003372224197410e-03 2.357378331496959908e-03 9.637380580883625134e-03 1.716250211563725566e-05 -3.278360289951748829e-04 2.331690818211358887e-03 -1.075912145740993880e-05 -2.054295159252489920e-03 4.183505984345298537e-03 5.625468220908928958e-04 -6.792675554910859725e-02 1.339794244875653880e-03 2.368141649997732110e-03 2.029334700818390558e-03 7.879903613021126000e-04 3.519029574606424875e-05 -1.098592906954687148e-03 4.252701036049046025e-04 5.485638500332101200e-04 3.650867242305819854e-03
5.278441022654045342e-03 2.228861670204566273e-03 3.914856477655722679e-03 3.425119571071920995e-03 -1.873144159518875087e-03 -4.402386713869549731e-03 -1.182390959676766010e-02 -1.363083249151749105e-03 2.343433772409667711e-03 3.076075099025259944e-03 1.426720637707179842e-03 5.436302928419130265e-03 1.305172058281425101e-03 -5.026452962353144052e-03 2.357378331496959908e-03 5.883752197317186801e-03 8.684069322935620075e-03 6.060538974318447182e-04 -2.678477152609682233e-04 2.925673182210818211e-03 2.439446503476190543e-04 -2.131541666505884589e-03 1.506000277689872576e-03 1.834341035730030229e-03 -7.249988149350869437e-02 5.110261847354522326e-04 2.239753640850707279e-03 3.276678816713349610e-03 -5.753743328593089335e-04 2.394962928455766037e-05 1.515255572674237099e-03 1.459845470833824816e-03 1.423143814121045295e-03 -1.069900505657351642e-03
9.443185431332028895e-03 6.513525386537614460e-03 8.024193661586043538e-03 1.252748789000376547e-02 -5.705469551029996277e-03 -6.349623393316152636e-03 -3.127764032260190591e-02 -4.444054120714926136e-03 5.050990175239768003e-03 1.298088955641430549e-03 2.982899184082730189e-03 1.098958455679199288e-02 4.673680925669457687e-04 -9.669164815343803815e-03 9.637380580883625134e-03 8.684069322935620075e-03 2.794283236063806186e-02 1.022575916343503857e-03 -2.161014347679360726e-03 5.860839073925912766e-03 2.151667170104211760e-04 -4.222047501304592061e-03 7.861477228322451619e-03 3.653857623039010079e-03 -1.336893500123293721e-01 2.578377981564907882e-04 7.022269668015557187e-03 5.253989876065446457e-03 -1.087932873239550472e-04 1.028234457686100548e-04 -6.542539950633034958e-04 -2.416236893649145127e-03 1.656397290157019930e-03 6.605522377063932984e-03
7.872770405740475578e-04 -2.841675433261853581e-04 4.363172171822138129e-04 2.993970870337493684e-04 -1.900859042558965679e-05 -6.450485963301409286e-04 -1.302450309668282038e-03 -1.287690983984601833e-04 2.764151060497660982e-04 4.531219976699703061e-04 2.495850997674172855e-04 4.650563172087391890e-04 1.954365616963514289e-05 -7.836555729757156653e-04 1.716250211563725566e-05 6.060538974318447182e-04 1.022575916343503640e-03 2.654542380124482208e-04 2.064140650055331890e-05 2.586215748563512173e-04 6.150096675355094192e-05 -2.168580033992098446e-04 -3.759037973938287236e-04 2.994186908477275205e-04 -6.520790014833820203e-03 3.583735224427112774e-05 2.851941541438273212e-04 3.316120841270706618e-04 -2.111370484847068852e-04 7.059701694779189781e-06 -1.771137353895598583e-06 -3.128442096318576645e-04 2.214922503159164318e-04 2.315083054957183016e-04
-5.333964216642638357e-04 7.674895077576682646e-04 -1.245829347060333544e-03 7.041630087433162384e-04 6.367103439646933647e-05 -5.065923678658107611e-05 2.174462390111883605e-03 9.456054045283746349e-04 4.664710944406547186e-04 1.583035111905177830e-03 6.137201043704974867e-04 -8.040522365522931401e-04 -7.576993918982622388e-04 3.121196310433584347e-03 -3.278360289951748829e-04 -2.678477152609682233e-04 -2.161014347679360726e-03 2.064140650055331890e-05 5.210383111276355173e-03 -5.658324318003042251e-04 2.917358864871709943e-04 -3.703127842667879201e-05 1.530123914723524126e-03 -3.700431739551958096e-04 -3.500646491932664795e-03 1.725395934560129110e-04 -4.445806468359578181e-04 -2.197066277045825532e-04 -5.275624203452824275e-04 -1.266617642520357028e-05 1.368625382685320115e-03 -4.563039345382819637e-04 -6.403543778957213224e-04 -3.964523806301090310e-03
3.380695145455651831e-03 1.880024583798631504e-03 2.626782814918013527e-03 2.887979510133655524e-03 -1.239066957302013090e-03 -2.161150135573143994e-03 -7.888711430854924295e-03 -6.474824562767054429e-04 1.518322120651422781e-03 1.005748613092850244e-03 3.648501754055897433e-04 3.205341918888170421e-03 1.198616673899258233e-03 -3.227240586235108778e-03 2.331690818211358887e-03 2.925673182210818211e-03 5.860839073925912766e-03 2.586215748563512173e-04 -5.658324318003042251e-04 2.101759092467625056e-03 5.056303081938662427e-05 -1.435692543283040431e-03 1.563508458964113588e-03 7.725091259704881634e-04 -4.753907415580227447e-02 5.951848080041724802e-04 1.470997266999549786e-03 2.108515270734022916e-03 9.374383218198224647e-05 2.365233315354036889e-05 3.711016495998103407e-04 6.996955069855076816e-04 7.898079565916082349e-04 9.506709999994611979e-04
2.025244128621932324e-04 9.969813332838977141e-05 4.460843166758800380e-05 1.217367466565901543e-04 -6.264488280811811706e-05 -2.443832919718905475e-04 -4.259816220328533124e-04 -1.000352151742074723e-04 1.434392084763042063e-04 2.802541074702311909e-04 9.576884628477445839e-05 1.975542966534289669e-04 -5.088039348228940215e-05 6.756823884294618126e-05 -1.075912145740993880e-05 2.439446503476190543e-04 2.151667170104211760e-04 6.150096675355094192e-05 2.917358864871709943e-04 5.056303081938662427e-05 5.964969432449366958e-05 -7.100370827093559168e-05 1.106462289227633893e-05 1.025677567374325187e-04 -2.412883751780195169e-03 4.686483028207869629e-05 7.461934946846014987e-05 1.435606271923717732e-05 -1.202366170910565906e-04 6.694734717918735430e-07 1.281121974979152346e-04 2.849403247762106851e-05 1.626938319746700268e-05 -3.445863496898260566e-04
-2.547397478038063851e-03 -1.588560391128987200e-03 -1.846870803279196871e-03 -2.031307537816530451e-03 5.503017981584075327e-04 1.540745318889798080e-03 5.570312556438352866e-03 -2.793406276372858857e-04 -9.310992000425259577e-04 -1.000718087976084367e-03 -8.148050893553826198e-04 -2.880762483403324567e-03 -1.603573670270042224e-03 1.987666799120096830e-03 -2.054295159252489920e-03 -2.131541666505884589e-03 -4.222047501304592061e-03 -2.168580033992098446e-04 -3.703127842667879201e-05 -1.435692543283040431e-03 -7.100370827093559168e-05 1.439670996306658367e-03 -1.213852116277010229e-03 -4.360014789993429452e-04 4.870781173032056460e-02 -6.664618383867659639e-04 -1.080733957034146113e-03 -1.840703463634600504e-03 -7.506726510752676992e-05 -1.832768928077580336e-05 -8.613962751740240334e-05 -9.841329005570184727e-04 -7.032865530149993690e-04 -1.087288942973476703e-03
1.176909030508903851e-03 4.440627841098259559e-03 1.512890846214643738e-03 5.205124390572658626e-03 -2.492946480879325733e-03 -5.123964686221761438e-04 -8.538434550364144143e-03 -8.007920370444651919e-04 1.560347627992839277e-03 -3.152063098117940617e-04 7.581040794833488351e-04 2.821874535590436842e-03 -4.896563239757243833e-04 -2.241379725796108810e-04 4.183505984345298537e-03 1.506000277689872576e-03 7.861477228322451619e-03 -3.759037973938287236e-04 1.530123914723524126e-03 1.563508458964113588e-03 1.106462289227633893e-05 -1.213852116277010229e-03 6.280752164448455410e-03 3.551269016151295489e-04 -4.020481647788556878e-02 2.264018802919108336e-04 1.914229916043208015e-03 1.107733544918048469e-03 5.575896066785329761e-04 1.976222220691149613e-05 3.936703741187978344e-04 -2.567416924901131043e-04 -4.998573311166935613e-04 3.577867661773204470e-04
1.453841242591625378e-03 2.176925277131884842e-04 1.099759355988162409e-03 1.254793731544789296e-03 -8.967415280755381031e-04 -1.509661423919017110e-03 -4.374864361604298597e-03 -1.209719398212060707e-03 7.566413563226830107e-04 9.456426698515722241e-04 5.017868855147633459e-04 1.620857876869693896e-03 -5.276755949780328981e-04 -1.584738058512106000e-03 5.625468220908928958e-04 1.834341035730030229e-03 3.653857623039010079e-03 2.994186908477275205e-04 -3.700431739551958096e-04 7.725091259704881634e-04 1.025677567374325187e-04 -4.360014789993429452e-04 3.551269016151295489e-04 9.659355137834633792e-04 -1.388234305181100352e-02 -2.551223598615105868e-04 9.416222753980575807e-04 5.130133322626310262e-04 -3.192435210546296521e-04 9.679736977084398819e-06 3.536687407176556850e-04 -3.215963991019880051e-04 3.424813906291922986e-04 -2.379338573623687768e-04
-8.402587527231661357e-02 -5.543306065721260306e-02 -6.108008855472884385e-02 -6.346569144809087459e-02 1.708919206159217885e-02 5.161901962107866282e-02 1.800740433281316222e-01 -1.294367502091441254e-02 -3.076407177456326122e-02 -3.647559599200068947e-02 -2.722326740751028484e-02 -9.647493085286634740e-02 -5.728218917484374090e-02 6.397115065882115481e-02 -6.792675554910858338e-02 -7.249988149350868050e-02 -1.336893500123293721e-01 -6.520790014833820203e-03 -3.500646491932678239e-03 -4.753907415580229529e-02 -2.412883751780194735e-03 4.870781173032055072e-02 -4.020481647788558960e-02 -1.388234305181099831e-02 1.668278874605937823e+00 -2.404096837718158047e-02 -3.426378126209201486e-02 -6.284963073501138864e-02 -2.626381395132838456e-03 -5.080926115215919636e-04 -5.775393253686365511e-03 -3.963507532630623081e-02 -2.407657283986668756e-02 -3.093021058965176456e-02
1.391767364084407722e-03 1.630213721743558079e-03 8.275012554443976400e-04 -3.592469559876353629e-05 2.184017620644800538e-04 -4.119339310351370761e-04 -1.511720501202459127e-03 1.255640990668745963e-03 2.420051284171792591e-04 9.183628509891124842e-06 -1.962802810848331006e-04 5.977810478027421534e-04 2.126520315703584168e-03 4.548270989839160489e-04 1.339794244875654530e-03 5.110261847354523410e-04 2.578377981564906798e-04 3.583735224427126326e-05 1.725395934560128839e-04 5.951848080041719381e-04 4.686483028207866241e-05 -6.664618383867659639e-04 2.264018802919104813e-04 -2.551223598615106410e-04 -2.404096837718158047e-02 2.633330164929571435e-03 7.471418302186192426e-05 1.251484084326827829e-03 2.495183890064785106e-04 2.408216966131989868e-07 -7.560229652188848190e-04 1.122573955051511807e-03 5.868891327884274414e-04 1.310361989250294866e-03
2.438449507549871140e-03 1.651335435140899961e-03 2.015738784599943167e-03 3.137277025144818467e-03 -1.408320190353333154e-03 -1.664557871616121829e-03 -7.913849882853018700e-03 -1.096949758893703579e-03 1.299437892222471110e-03 4.258785202987202634e-04 7.917721086496071550e-04 2.801128130669012454e-03 1.453153544767428267e-04 -2.429613116692682599e-03 2.368141649997731676e-03 2.239753640850707713e-03 7.022269668015558054e-03 2.851941541438272670e-04 -4.445806468359578181e-04 1.470997266999549569e-03 7.461934946846017697e-05 -1.080733957034146113e-03 1.914229916043207799e-03 9.416222753980575807e-04 -3.426378126209201486e-02 7.471418302186192426e-05 1.774395363362208603e-03 1.323387934179182882e-03 -8.076031347209228391e-05 2.604025653731552458e-05 -1.224452426672011096e-04 -5.846094795478042842e-04 4.277139175687676327e-04 1.577383881386331234e-03
3.870434138542816396e-03 1.279455631281381208e-03 3.146509038750410891e-03 2.387076861327017217e-03 -6.150649282001064214e-04 -2.378220607018974916e-03 -6.783856356534704105e-03 9.106768610473360993e-04 1.263352335461513307e-03 1.210228042364842795e-03 8.865497911064018893e-04 3.009640057730071649e-03 2.813973815925316455e-03 -4.340893959670543735e-03 2.029334700818388824e-03 3.276678816713349610e-03 5.253989876065446457e-03 3.316120841270707702e-04 -2.197066277045824176e-04 2.108515270734022482e-03 1.435606271923708753e-05 -1.840703463634599853e-03 1.107733544918048036e-03 5.130133322626312430e-04 -6.284963073501138864e-02 1.251484084326827829e-03 1.323387934179182882e-03 4.038755806343476140e-03 1.042632094506161707e-05 2.038200674209506076e-05 2.155845510187577227e-04 7.363512777633049759e-04 1.304642688596139698e-03 1.425505555479252527e-03
-2.483720962148668705e-04 2.765619350658316596e-04 -1.916162167716559941e-05 2.554369317091413150e-04 -8.277829816166189052e-05 5.765308070938558434e-04 1.700685879807542532e-04 1.609390922617222677e-04 -1.393722171321195148e-04 -7.021997450012031202e-04 -3.352955028026923250e-04 3.338518642890693895e-05 1.788216908225452606e-04 4.367970994167436082e-04 7.879903613021122747e-04 -5.753743328593087167e-04 -1.087932873239552369e-04 -2.111370484847068852e-04 -5.275624203452824275e-04 9.374383218198239554e-05 -1.202366170910566177e-04 -7.506726510752682413e-05 5.575896066785324340e-04 -3.192435210546297605e-04 -2.626381395132838456e-03 2.495183890064785106e-04 -8.076031347209228391e-05 1.042632094506161707e-05 6.419748796941670286e-04 1.010315213450784274e-06 -4.403404387487691433e-04 1.447640279176519939e-04 -7.268270247685049948e-05 9.442032051648841179e-04
4.390949669743115299e-05 1.078218389203423060e-05 3.108992855916467866e-05 5.420854320331806045e-05 -1.478051003469845486e-05 -2.148940095341875868e-05 -1.151784337825093708e-04 -1.509218582053759224e-05 1.534365699428205584e-05 -2.902235970343944259e-06 1.232572039729700001e-05 4.180914211474772357e-05 4.471533638371609163e-06 -4.330659749108982956e-05 3.519029574606425553e-05 2.394962928455766376e-05 1.028234457686100548e-04 7.059701694779186392e-06 -1.266617642520356519e-05 2.365233315354036889e-05 6.694734717918736489e-07 -1.832768928077581014e-05 1.976222220691149613e-05 9.679736977084397125e-06 -5.080926115215919636e-04 2.408216966131989868e-07 2.604025653731552458e-05 2.038200674209506076e-05 1.010315213450784274e-06 8.544834461977429309e-07 -1.562029262269576461e-05 -2.239317149947745830e-05 7.501126284098903917e-06 4.781415419536815729e-05
3.862116070459248860e-04 6.544415286184608171e-04 2.208062688964214457e-04 5.499208777705687902e-07 -3.736988217734630788e-04 -1.010375879423800914e-03 -1.878716398834332586e-04 -1.573183857543065500e-04 6.586321602550664111e-04 1.800012949816543915e-03 1.283688668588940890e-04 4.870699335821332258e-04 -4.437841021756270816e-04 -7.290307065560956180e-04 -1.098592906954686714e-03 1.515255572674236665e-03 -6.542539950633029537e-04 -1.771137353895686251e-06 1.368625382685320548e-03 3.711016495998104492e-04 1.281121974979152075e-04 -8.613962751740232202e-05 3.936703741187977802e-04 3.536687407176556850e-04 -5.775393253686365511e-03 -7.560229652188848190e-04 -1.224452426672011096e-04 2.155845510187577227e-04 -4.403404387487691433e-04 -1.562029262269576461e-05 2.314436563583514937e-03 1.310308325540823077e-03 -7.999220052484401944e-05 -3.637023261361115988e-03
8.137452065197228138e-04 2.737765281558599429e-03 6.364681529619219428e-04 -1.726808374354404712e-03 8.027514821557012008e-04 -4.879367577827350110e-04 1.884873245191153151e-04 1.921653362996255613e-03 -1.645745359166274682e-04 1.642663349031281243e-03 4.531850186006216316e-05 2.226675756472831866e-03 3.439822078654905437e-03 -2.709060634389499596e-04 4.252701036049043857e-04 1.459845470833824816e-03 -2.416236893649144693e-03 -3.128442096318576103e-04 -4.563039345382813674e-04 6.996955069855077900e-04 2.849403247762111933e-05 -9.841329005570184727e-04 -2.567416924901137548e-04 -3.215963991019882219e-04 -3.963507532630623081e-02 1.122573955051511807e-03 -5.846094795478042842e-04 7.363512777633049759e-04 1.447640279176519939e-04 -2.239317149947745830e-05 1.310308325540823077e-03 5.630640166842806188e-03 6.278578863077007369e-04 -1.157079493495816137e-03
1.793618962804289065e-03 1.151706088548620321e-04 1.221870432665538714e-03 2.634568729929739916e-04 7.280380562253148715e-06 -1.136401284153987440e-03 -2.493773817436126510e-03 2.023867467905707718e-04 3.242121492696687203e-04 7.164257730799329952e-04 3.002404765033511659e-04 1.422300218312930924e-03 1.227705664283538492e-03 -1.798358425582671219e-03 5.485638500332103368e-04 1.423143814121045295e-03 1.656397290157019930e-03 2.214922503159164318e-04 -6.403543778957213224e-04 7.898079565916083433e-04 1.626938319746699591e-05 -7.032865530149991521e-04 -4.998573311166935613e-04 3.424813906291924071e-04 -2.407657283986668756e-02 5.868891327884274414e-04 4.277139175687676869e-04 1.304642688596139915e-03 -7.268270247685048593e-05 7.501126284098903917e-06 -7.999220052484397878e-05 6.278578863077009537e-04 7.608603284807116283e-04 9.409172963190972879e-04
2.053481076554087952e-03 9.466036961374425752e-04 1.992503335009191898e-03 1.895285056417045757e-03 2.988498670342574983e-04 9.010396047576934306e-04 -5.794872216894268561e-03 1.198622232002322183e-03 -3.761610195372896656e-04 -3.039849387422664112e-03 4.074904522124559749e-05 1.802725440296171948e-03 2.507096159717992195e-03 -3.311248417051330679e-03 3.650867242305818553e-03 -1.069900505657351642e-03 6.605522377063932984e-03 2.315083054957181119e-04 -3.964523806301089442e-03 9.506709999994608726e-04 -3.445863496898259482e-04 -1.087288942973476920e-03 3.577867661773204470e-04 -2.379338573623688581e-04 -3.093021058965176456e-02 1.310361989250294866e-03 1.577383881386331668e-03 1.425505555479252093e-03 9.442032051648839011e-04 4.781415419536815729e-05 -3.637023261361115988e-03 -1.157079493495816571e-03 9.409172963190972879e-04 1.084048170154119570e-02
